1.548622385598719120e-04
1.663217699388042092e-04
7.771710515953600407e-04
2.331074647372588515e-04
9.215024765580892563e-04
-2.815589250531047583e-04
-3.502645296975970268e-03
1.394142600474879146e-04
-2.942714199889451265e-04
5.026290891692042351e-04
2.407178981229662895e-04
1.030390732921659946e-03
3.993597929365932941e-04
6.259342189878225327e-04
9.926000348059460521e-05
8.521333802491426468e-04
2.342981752008199692e-04
5.220081075094640255e-04
-7.238243706524372101e-04
6.727752625010907650e-04
9.904949693009257317e-04
-9.753908962011337280e-04
7.873454887885600328e-05
2.232011611340567470e-04
4.222343675792217255e-03
-3.028569044545292854e-04
-4.302287008613348007e-03
2.122902660630643368e-04
3.455518744885921478e-04
8.997282711789011955e-04
-9.202893124893307686e-04
2.482972922734916210e-04
1.971378806047141552e-04
2.215394051745533943e-03
1.271845976589247584e-04
6.635123281739652157e-04
9.991734987124800682e-04
3.237758937757462263e-04
-2.867006405722349882e-04
7.101758965291082859e-04
5.809244466945528984e-04
-2.274722501169890165e-04
3.140017390251159668e-03
3.995620354544371367e-04
7.100388756953179836e-04
9.965383214876055717e-04
5.445913993753492832e-04
3.689427103381603956e-04
-1.132256511482410133e-04
8.803821401670575142e-04
1.184642314910888672e-03
1.268083869945257902e-04
1.045973622240126133e-04
1.986257848329842091e-04
1.103105721995234489e-03
7.279261481016874313e-04
7.172976620495319366e-04
1.005789265036582947e-03
2.859878877643495798e-04
8.191387751139700413e-04
1.809768582461401820e-04
9.416567627340555191e-04
1.021536416374146938e-03
5.107936449348926544e-04
7.355731446295976639e-03
7.313681300729513168e-03
-7.384045049548149109e-03
6.325136870145797729e-03
7.407146040350198746e-03
7.253651041537523270e-03
6.678888574242591858e-03
6.536730099469423294e-03
7.298613898456096649e-03
8.516014553606510162e-03
7.239273283630609512e-03
6.814321037381887436e-03
7.426782976835966110e-03
7.433303166180849075e-03
7.100154645740985870e-03
7.097335997968912125e-03
7.356530055403709412e-03
6.392351817339658737e-03
7.109053432941436768e-03
7.153185084462165833e-03
7.040735334157943726e-03
7.400296162813901901e-03
6.891304627060890198e-03
6.168456282466650009e-03
7.272991351783275604e-03
8.301685564219951630e-03
6.468849722295999527e-03
6.963242311030626297e-03
7.645539008080959320e-03
7.682368159294128418e-03
7.035822607576847076e-03
7.237458601593971252e-03
5.947742611169815063e-03
8.897416293621063232e-03
5.665808450430631638e-03
-6.145257502794265747e-03
6.956715602427721024e-03
6.872155703604221344e-03
7.816924713551998138e-03
7.166751194745302200e-03
7.108934223651885986e-03
6.605777423828840256e-03
8.556388318538665771e-03
6.987592671066522598e-03
7.038039620965719223e-03
7.284081075340509415e-03
6.774619221687316895e-03
6.668946240097284317e-03
5.730839911848306656e-03
7.099526468664407730e-03
7.077685557305812836e-03
7.126653101295232773e-03
7.261388469487428665e-03
7.300401572138071060e-03
9.755729697644710541e-03
6.481908261775970459e-03
7.500503212213516235e-03
7.240789942443370819e-03
6.811195984482765198e-03
-6.467947270721197128e-03
6.542736198753118515e-03
8.009159937500953674e-03
7.904180325567722321e-03
-6.383464206010103226e-03
