-4.206903031445108354e-05
-2.069495712930802256e-05
-3.829622437478974462e-05
-3.252643364248797297e-05
-1.918288180604577065e-04
-6.559445318998768926e-05
-4.343156979302875698e-05
-4.929129499942064285e-05
-2.861925713659729809e-05
-7.466589886462315917e-05
-1.007255414151586592e-04
-4.582570909406058490e-05
-4.139907468925230205e-05
-5.023984340368770063e-05
-2.749623672571033239e-05
-1.251579087693244219e-04
-5.743226574850268662e-05
-2.463761302351485938e-05
-2.667410262802150100e-05
-3.597905015340074897e-05
-1.575020578457042575e-04
-1.930268263095058501e-05
-3.185876266798004508e-05
-3.965118594351224601e-05
9.769443749974016100e-06
-1.908730191644281149e-04
-3.559642209438607097e-05
-2.281062188558280468e-05
-3.077933797612786293e-05
-2.626748027978464961e-05
-2.237804292235523462e-04
-3.022654527740087360e-05
-2.967810905829537660e-05
-4.077682024217210710e-05
-1.000599127110035624e-06
-2.477293310221284628e-04
-4.627674570656381547e-05
-4.029574847663752735e-05
-3.904752884409390390e-05
-3.772230047616176307e-05
-2.774595632217824459e-04
-6.252477760426700115e-05
-3.175937308697029948e-05
-2.738926013989839703e-05
-3.345516597619280219e-05
-2.980421122629195452e-04
-3.132980418740771711e-05
-3.160990672768093646e-05
-3.702822505147196352e-05
-4.064979657414369285e-05
-3.299236705061048269e-04
-3.903539982275106013e-05
-3.842906517093069851e-05
-3.737247971002943814e-05
-2.507040517230052501e-05
-3.612030996009707451e-04
-2.926735396613366902e-05
-3.220244616386480629e-05
-3.337469024700112641e-05
-4.866339440923184156e-05
-3.847891348414123058e-04
-3.209518763469532132e-05
-3.331444167997688055e-05
-3.789097900153137743e-05
-2.905422479670960456e-05
-4.115566262044012547e-04
-3.558496609912253916e-05
-2.769131424429360777e-05
-3.412868318264372647e-05
-3.961243055528029799e-05
-4.342941101640462875e-04
-2.241708898509386927e-05
-3.217095218133181334e-05
-3.309123349026776850e-05
6.174210284370929003e-06
-4.584533744491636753e-04
9.083954864763654768e-06
9.077083632291760296e-06
-1.397076357534388080e-05
1.095101288228761405e-05
-4.929865244776010513e-04
-3.940619080822216347e-06
-2.645555241542751901e-06
-1.417057956132339314e-05
1.363829778711078689e-05
-5.194208351895213127e-04
6.458336883952142671e-06
-1.774340853444300592e-05
-1.089523379960155580e-06
-1.009763082038261928e-06
-5.306170205585658550e-04
5.401041107688797638e-06
-5.393593710323330015e-06
-7.647426173207350075e-06
-4.045129117002943531e-06
-5.562474834732711315e-04
-1.400885594193823636e-05
3.586745606298791245e-06
4.055439148942241445e-07
-5.813763436890440062e-06
-5.806593690067529678e-04
-2.565344630056642927e-06
7.130940957722486928e-07
-5.138170763530069962e-06
7.768058480905892793e-07
-5.952470819465816021e-04
1.189238560073135886e-06
-9.138892664850573055e-07
-1.248976423084968701e-05
7.073846859384502750e-07
-6.161489291116595268e-04
-8.548632649763021618e-06
-1.822540980356279761e-06
8.104599373837118037e-07
-1.760057784849777818e-06
-6.357954698614776134e-04
7.246605491673108190e-06
6.494347871921490878e-06
-6.840635364824265707e-07
2.464176077410229482e-06
-6.580270128324627876e-04
9.420466085430234671e-06
3.515095158945769072e-06
1.148246724369528238e-06
-1.040593178913695738e-05
-6.731062894687056541e-04
-5.071974555903580040e-06
-2.114542496656213189e-07
1.100719600799493492e-05
-1.316367706749588251e-05
-7.061589276418089867e-04
5.245313786872429773e-06
-6.871981895528733730e-06
-5.301628789311507717e-06
4.820724939236242790e-07
-7.302376325242221355e-04
9.773953934200108051e-06
-8.950673304752854165e-07
1.371991970700037200e-06
8.859474820432922115e-10
-7.499622879549860954e-04
-3.655695081761223264e-06
-4.719473508885130286e-06
-3.804309471888700500e-07
1.149249237641924992e-05
-7.686137105338275433e-04
3.254420789744472131e-06
1.532387159386416897e-06
2.476674353601993062e-06
-6.485252470156410709e-06
1.003011948341736570e-05
-5.915411384194158018e-05
4.140927194384858012e-05
3.769943077713833191e-06
2.859723508663591929e-06
-5.431320914794923738e-06
5.389468242356088012e-06
5.026063263358082622e-07
-3.483843102003447711e-05
-1.349235753878019750e-05
-4.053690190630732104e-06
9.643118573876563460e-06
4.924691893393173814e-06
1.510649326519342139e-06
-4.147416257183067501e-05
4.007453298981999978e-06
8.884090675564948469e-06
-8.224062185036018491e-06
-6.340349955280544236e-06
-3.056547029700595886e-06
3.465910413069650531e-05
1.344997963315108791e-05
-9.173096623271703720e-05
-2.715818027354544029e-06
-4.677747256209840998e-07
-3.050754457945004106e-07
-3.752935663214884698e-05
-8.964899279817473143e-06
-2.544504241086542606e-06
1.356164489152433816e-06
-2.793571809434070019e-07
-1.292700471822172403e-05
8.646818059787619859e-06
-3.969247336499392986e-05
-8.461444735985423904e-07
3.915686477284907596e-07
4.117402113479329273e-06
-5.381531536841066554e-06
3.469213424978079274e-06
-4.068544876645319164e-05
7.375559562206035480e-06
-4.693477876571705565e-06
-1.500534835940925404e-06
-4.308842562750214711e-06
6.172872872411971912e-06
-3.673383253044448793e-05
3.367780664120800793e-06
-1.121659897762583569e-05
7.707037070758815389e-07
1.232931572303641587e-05
-2.112469132953265216e-07
-3.972882041125558317e-05
7.684437150601297617e-06
3.131616722384933382e-06
4.029981482744915411e-06
5.088769583494467952e-08
-2.045548853857326321e-06
2.580991804279619828e-06
-3.066042700083926320e-05
-7.558114702987950295e-06
-1.025398796627996489e-05
-1.670278106757905334e-05
2.124006414305767976e-06
1.186324698210228235e-05
-2.859527558030094951e-05
4.265371444489574060e-06
-7.182539775385521352e-06
8.067394446698017418e-06
-1.667010451456008013e-06
7.599686341563938186e-06
-5.668618541676551104e-05
1.011250606097746640e-05
-1.460698399569082540e-06
5.615971986117074266e-06
-3.747417622435023077e-06
-5.757000508310738951e-06
-3.682310853037051857e-05
3.419748736632755026e-06
-1.592872104083653539e-05
-1.395470690113143064e-06
-9.325869541498832405e-06
6.295261300692800432e-06
-2.868255705834599212e-06
-5.146643525222316384e-05
3.861487130052410066e-06
5.173154931981116533e-06
1.176654131995746866e-05
-6.056036909285467118e-06
-5.639826213155174628e-06
-5.820015940116718411e-05
-2.979973260153201409e-06
6.102160568843828514e-06
1.045056433213176206e-05
-1.923711124618421309e-06
7.914794878161046654e-06
-2.251496334793046117e-05
9.441009751753881574e-06
2.348943326069274917e-06
7.858585377107374370e-06
3.612314912970759906e-06
-6.737074272678000852e-06
-4.269092096365056932e-05
2.164688521588686854e-05
9.658351700636558235e-06
-5.386423254094552249e-06
-8.976802746474277228e-06
4.340922714618500322e-07
5.651747869706014171e-06
-3.019021824002265930e-05
1.534085356524883537e-07
-4.531293143372749910e-06
2.498604317224817351e-06
1.306851913795981091e-06
5.227548626862699166e-06
-3.103294147877022624e-05
-1.349028298136545345e-05
2.510986178094753996e-06
6.517637984870816581e-07
6.562274847965454683e-06
-2.938499710580799729e-05
-9.027726264321245253e-06
-4.161309334449470043e-06
-7.356526566582033411e-06
1.766491322996444069e-06
-6.186640348460059613e-06
-8.534002517990302294e-06
-2.484234573785215616e-05
-9.972605766961351037e-06
5.997108019073493779e-06
-8.163101483660284430e-07
4.796792723027465399e-07
8.731228263059165329e-06
-2.685187837414559908e-06
-2.149796091543976218e-05
2.918278369179461151e-06
-8.994562449515797198e-06
-7.245141205203253776e-06
8.862666618369985372e-06
-7.235017164930468425e-06
-4.235663436702452600e-05
-5.424173650681041181e-06
-5.831250746268779039e-06
1.241647851202287711e-06
8.877377695171162486e-06
-7.049506166367791593e-06
-3.751439726329408586e-05
-9.322203368355985731e-06
6.763960300304461271e-06
1.621106946458894527e-07
-4.980450739822117612e-06
-6.527593086502747610e-06
-4.651736526284366846e-05
1.538413562229834497e-05
2.256943389511434361e-06
9.658936505729798228e-06
-1.055726988852256909e-05
-3.213031504856189713e-06
-7.703114874857419636e-07
-2.338461854378692806e-05
7.437229669449152425e-06
-5.127930307935457677e-06
-4.565630661090835929e-06
-4.125295163248665631e-06
6.392220257112057880e-06
-3.154991281917318702e-05
-8.323111615027301013e-06
7.241900448207161389e-07
-1.694691854936536402e-05
-1.157213546321145259e-06
-2.877748011087533087e-05
4.901542524748947471e-06
1.172064798993233126e-06
5.456430244521470740e-06
6.785130608477629721e-06
1.620474358787760139e-05
1.117061128752538934e-05
-2.925712760770693421e-05
-1.861822602222673595e-05
9.902917554427403957e-06
4.351044026407180354e-06
4.331285708758514374e-06
5.061403385298035573e-07
-6.265526280913036317e-06
-2.985912396979983896e-05
-2.121846307545638410e-07
1.340182279818691313e-05
-1.460271619180275593e-06
-1.629917096579447389e-05
-5.244094609224703163e-06
-2.397847674728836864e-05
4.154933321842690930e-06
1.045193312165793031e-05
3.453958925092592835e-06
5.815846179757500067e-06
9.091350875678472221e-06
-4.030518539366312325e-05
-7.042702918624854647e-07
8.060650884544884320e-07
-2.129771701220306568e-07
1.100034387491177768e-05
2.143359125739152660e-07
-1.464215893065556884e-05
-2.928076719399541616e-05
9.360484000353608280e-06
1.806570480766822584e-06
-1.302454074902925640e-05
-8.819873755783191882e-07
3.069447529924218543e-06
-3.167712566209957004e-05
9.056932412931928411e-07
-1.170027098851278424e-05
-8.786109901848249137e-06
-1.931776523633743636e-06
7.201175321824848652e-06
-3.424307578825391829e-05
-9.513809686723107006e-07
-7.283252671186346561e-06
1.784623918865690939e-06
3.033724851775332354e-06
1.041937480295018759e-06
-3.944764466723427176e-05
-3.243716491851955652e-06
-2.858980906239594333e-06
-9.685976465334533714e-07
7.937715054140426219e-07
5.494023298524552956e-06
-4.106405685888603330e-05
-1.262291516468394548e-05
1.064777052306453697e-06
1.545949999126605690e-05
8.645745765534229577e-06
-1.786880034160276409e-06
3.737034603545907885e-06
-3.522339466144330800e-05
1.406407250215124805e-06
5.007439995097229257e-06
5.891531600354937837e-06
2.717532879614736885e-06
-1.014532426779624075e-05
-2.886976835725363344e-05
-1.356516895612003282e-05
-2.463154942233813927e-06
-3.906793153873877600e-06
9.151684139396820683e-07
1.232373733728309162e-06
-3.967764132539741695e-05
-4.953223196935141459e-06
-2.885019966925028712e-06
1.295309516535780858e-06
9.018289347295649350e-06
4.457847353478427976e-06
-3.697925058077089489e-05
-1.591710861248429865e-05
4.533043011178961024e-06
-2.010640400840202346e-06
-9.602727004676125944e-06
1.194049855257617310e-05
8.737789357837755233e-06
-3.565059523680247366e-05
-1.456105383113026619e-05
-1.237541482623782940e-06
1.206756678584497422e-06
7.305575309146661311e-06
-3.207684130757115781e-06
-3.355423177708871663e-05
9.620019227440934628e-06
-1.591088448549271561e-06
4.600527063303161412e-06
-2.423699015707825311e-06
-7.389118650280579459e-07
-3.904948243871331215e-05
-3.853134785458678380e-06
-1.457614234823267907e-05
-1.569306914461776614e-05
2.370537686147144996e-06
-5.363962827686918899e-06
-3.804017251241020858e-05
7.432399797835387290e-07
1.028844508255133405e-05
-3.250615009164903313e-06
7.382096100627677515e-06
6.277884040173375979e-06
-3.860581273329444230e-06
-2.743398727034218609e-05
-5.792669071524869651e-06
5.205679372011218220e-06
-8.046245056902989745e-06
4.796521935190867225e-08
1.253905611520167440e-05
-2.193519685533829033e-05
4.580545009957859293e-07
-3.214351636415813118e-06
-3.161114364047534764e-06
-1.785894255590392277e-06
5.387523742683697492e-06
-2.986304389196448028e-05
-4.680548954638652503e-06
-1.624991796234098729e-06
-5.147942943040106911e-07
-4.638368409359827638e-06
-3.361049039085628465e-06
-2.393958311586175114e-05
-3.712362513397238217e-06
1.366591732221422717e-05
1.023003369482466951e-05
-3.087678578594932333e-06
-7.645146524737356231e-07
3.253934011127057602e-08
-3.467641363386064768e-05
6.854675120848696679e-06
-1.228882297255040612e-06
1.718979319775826298e-06
-6.053765446267789230e-06
-7.867872227507177740e-06
-3.066920180572196841e-05
-3.351138502694084309e-06
-3.015576794496155344e-06
-9.367275197291746736e-06
3.015204129042103887e-06
-1.082873404811834916e-05
-3.193053998984396458e-05
1.055186294252052903e-05
-9.691247214504983276e-06
-4.510486178332939744e-06
-7.327456842176616192e-06
-1.441996346329688095e-06
-3.378460314706899226e-05
6.762031716789351776e-06
-2.181340278184507042e-06
1.252305651178176049e-06
-3.745152071132906713e-06
1.902199073811061680e-06
4.583754162013065070e-06
-3.782824569498188794e-05
-1.013764722301857546e-05
-6.641323125222697854e-06
2.914935350872838171e-07
-1.485088660047040321e-06
5.763616172771435231e-06
-3.344787182868458331e-05
-7.800535968272015452e-06
5.839927325723692775e-06
-3.469283228696440347e-06
-1.654103107284754515e-05
1.036136382026597857e-06
-2.738354669418185949e-05
-1.309604976995615289e-05
1.490944487159140408e-05
6.028159077686723322e-06
9.831287570705171674e-06
-3.825551857516984455e-07
-3.877621929859742522e-05
-9.906898412737064064e-06
1.170328687294386327e-05
6.265769570745760575e-06
-1.031737429002532735e-05
9.176943649435997941e-07
2.895472334785154089e-06
-4.384120620670728385e-05
-1.834313593462866265e-06
4.691054073191480711e-06
-8.852087375998962671e-06
-1.069454538082936779e-05
-3.004556901942123659e-06
-2.581113949418067932e-05
4.070294835401000455e-06
-1.500191137893125415e-05
6.033932550053577870e-06
-7.073989308992167935e-06
-2.182423122576437891e-05
2.428837888146517798e-06
-6.280887191678630188e-06
5.549142770178150386e-06
1.452997025808144826e-06
-9.038295502250548452e-06
-5.243764098850078881e-05
3.847755124297691509e-06
1.593837396285380237e-06
-1.877390218396612909e-06
-1.903572524497576524e-06
-2.619528640934731811e-05
2.152787601517047733e-06
1.777105609335194458e-07
4.397871180117363110e-06
3.083227056777104735e-06
-3.278892108937725425e-05
-2.049032218565116636e-06
-3.663420784505433403e-06
-6.883430160087300465e-06
-1.938865494821584434e-07
-3.961691618314944208e-05
6.614955509576248005e-06
3.142386958643328398e-06
1.817681209104193840e-06
1.861905388977902476e-06
-4.628573879017494619e-05
2.853155592674738728e-06
-5.903720193600747734e-06
1.984208211069926620e-06
5.891511136724147946e-06
-3.696261046570725739e-05
1.472931580792646855e-05
7.608762189192930236e-06
1.669485982347396202e-06
3.940349870390491560e-06
-4.500487193581648171e-05
-2.961388645417173393e-06
9.755968903846223839e-07
2.281229399159201421e-06
1.342599830422841478e-06
-3.383754301466979086e-05
-6.255931452869845089e-07
-1.507920728727185633e-06
-1.497076573286904022e-05
4.309039013605797663e-06
-3.404711969778873026e-05
1.719775536912493408e-05
-3.451075372140621766e-06
-2.810649675666354597e-06
-6.801717518101213500e-06
-2.666615728230681270e-05
-6.174318968987790868e-06
-3.378600467840442434e-06
2.637804072946892120e-06
4.021925633423961699e-06
-2.132704321411438286e-05
1.492300953032099642e-06
1.154810092884872574e-06
3.849466793326428160e-06
-7.166797331592533737e-06
-5.108508412376977503e-05
1.187050202133832499e-05
-3.728352567122783512e-06
-8.876027095539029688e-06
-1.115606210078112781e-05
-2.926532215496990830e-05
-1.466866251575993374e-05
-1.213649511555559002e-06
-2.000716449401807040e-06
1.814511392694839742e-06
-3.618737173383124173e-05
1.098323809856083244e-05
-7.359303140219708439e-07
1.265633181901648641e-05
1.590388365002581850e-06
-4.390204776427708566e-05
-6.267528533498989418e-06
1.036677440424682572e-05
1.117346710088895634e-05
1.000726570055121556e-05
2.250893339805770665e-05
8.886203204383491538e-07
-4.501642251852899790e-05
1.646996679482981563e-05
-5.063039679953362793e-06
1.211298331327270716e-05
1.259185137314489111e-05
2.123008562193717808e-05
-2.031927579082548618e-06
-2.405702389296493493e-06
4.803568117495160550e-06
-1.799854180717375129e-05
9.969908205675892532e-07
-3.832233687717234716e-06
1.260826229554368183e-05
-2.220795977336820215e-05
-1.020702802634332329e-05
-1.592961416463367641e-05
2.601618007247452624e-06
-2.292634599143639207e-05
1.061298371496377513e-05
5.387480996432714164e-06
-2.400429366389289498e-06
1.348387013422325253e-05
-2.405430859653279185e-05
3.936953817174071446e-06
-1.607912963663693517e-05
-2.221996510343160480e-05
-9.219619641953613609e-06
-4.388477009342750534e-06
-7.163352620409568772e-06
-1.077737033483572304e-05
-1.004690238914918154e-05
1.800060999812558293e-05
-2.808142198773566633e-06
3.590271808207035065e-05
9.601534429748426192e-07
9.952086656994652003e-06
5.248127763479715213e-06
-4.744440957438200712e-05
1.682130459812469780e-05
3.745713001990225166e-06
-6.725816638208925724e-05
-3.163996370858512819e-05
-5.214165867073461413e-06
-2.252959347970318049e-06
-8.090129995252937078e-06
-6.019219199515646324e-06
-1.450267154723405838e-05
-7.573446055175736547e-06
-1.309185427089687437e-05
-1.521798003523144871e-05
6.544358370774716605e-07
7.354944045800948516e-06
3.385759555385448039e-05
5.589486704593582544e-07
2.129787935700733215e-05
-2.016562575590796769e-05
-1.121795321523677558e-05
-9.378266440762672573e-06
-9.706579476187471300e-06
5.038870313001098111e-06
-1.507662182120839134e-05
-1.096987034543417394e-05
-6.492548436654033139e-06
1.066300774255068973e-05
-5.050388267591188196e-07
-1.282163793803192675e-05
-1.693014019110705703e-05
-1.526498090242967010e-05
6.664975444437004626e-06
1.327605787082575262e-05
-2.187345671700313687e-05
-1.887128746602684259e-06
-1.795492062228731811e-05
3.758044113055802882e-05
-9.049906111613381654e-06
9.859276360657531768e-06
1.904992495838087052e-05
1.673321435191610362e-06
-6.162611043691867962e-06
-1.606882142368704081e-05
-8.776475510785530787e-07
8.509711619808513205e-07
-4.627569978765677661e-06
-1.499791505921166390e-05
3.045420953640132211e-06
-2.681215300981421024e-05
-1.384217102895490825e-05
8.972422733677376527e-07
-1.084216000890592113e-05
-6.108831712481332943e-06
-2.796054104692302644e-05
-3.887823822878999636e-06
-3.425707291171420366e-06
1.384715631047583884e-07
2.714613219723105431e-05
1.369513665849808604e-05
-6.458415737142786384e-05
3.813280272879637778e-05
-9.087120815820526332e-06
-1.978788532142061740e-05
-4.274650677871250082e-07
1.118536783906165510e-05
-1.104693728848360479e-05
7.889068001531995833e-06
-1.298736697208369151e-05
5.074902674095937982e-06
4.997527867089956999e-06
-2.101371137541718781e-05
-2.444266465317923576e-05
8.395593795285094529e-06
-1.680094328548875637e-06
9.350885648018447682e-07
5.950372724328190088e-06
-2.008570299949496984e-05
2.360573671467136592e-05
-6.621476586587959900e-06
1.457392772863386199e-05
-1.055361644830554724e-05
1.970360472114407457e-06
-6.762021257600281388e-06
2.263245733047369868e-05
-2.524272758819279261e-06
-6.464978650910779834e-05
-1.231548503710655496e-05
4.682254711951827630e-06
-3.516696597216650844e-05
7.283199010998941958e-06
-2.122467958542983979e-05
-1.337767207587603480e-05
1.952218735823407769e-05
1.310520383412949741e-05
3.099045352428220212e-05
-6.537988156196661294e-06
-6.270960875554010272e-05
3.764676512219011784e-05
9.813811630010604858e-06
-5.318874900694936514e-05
2.611139461805578321e-05
-1.514884502284985501e-06
-6.607114482903853059e-05
-7.201354605967935640e-07
-7.669350452488288283e-06
-1.610306208021938801e-05
-4.697757503890898079e-06
-2.443774428684264421e-05
-8.955541488830931485e-06
3.525356078171171248e-05
4.233718300383770838e-06
-4.806951437785755843e-06
-1.365379193885019049e-05
2.751820375124225393e-06
-6.382109404512448236e-06
8.259175046987365931e-06
1.634922568882757332e-06
-1.133338741965417285e-06
-4.619345872924895957e-06
-1.314582095801597461e-05
7.046361133689060807e-06
1.314390942752652336e-06
-2.244655479444190860e-05
-2.390334702795371413e-05
-1.829307620937470347e-05
-1.680520654190331697e-05
-1.435373269487172365e-05
-1.423821413482073694e-05
3.641370582840863790e-08
2.227060213044751436e-05
4.055086435528210131e-07
-9.793507160793524235e-06
8.156942385539878160e-06
1.288559360546059906e-05
-1.196618268295424059e-05
2.451412365189753473e-05
2.849283191608265042e-06
-1.487808003730606288e-05
1.169460233541030902e-06
5.043457349529489875e-07
2.270856157338130288e-06
-1.045249177877849434e-06
-1.096417236112756655e-05
-8.875125786289572716e-06
-9.186186616716440767e-06
-1.672718099143821746e-05
-2.098911409120773897e-06
-7.088368079166684765e-07
-1.531835005152970552e-05
-4.958478257321985438e-06
4.848548996960744262e-06
-1.798492303350940347e-05
4.887282557319849730e-06
4.033876848552608863e-06
-4.143469777773134410e-05
-3.226109583920333534e-06
-2.324052957192179747e-06
-3.601081334636546671e-05
-9.939343499354436062e-07
-1.394589253322919831e-05
5.232057901594089344e-06
1.604128192411735654e-05
9.676083209342323244e-06
1.339315076620550826e-07
6.294505055848276243e-06
1.012088546303857584e-06
-1.513053848611889407e-05
-1.631199484108947217e-05
-4.722243374999379739e-06
9.566572600760991918e-08
4.737099743579165079e-07
-8.330741820827824995e-07
-5.409210189100122079e-06
-7.700642527197487652e-06
-4.807624281966127455e-05
-1.218364104715874419e-05
-5.051216476203990169e-07
6.925658908585319296e-06
6.219510396476835012e-06
2.289016492795781232e-06
-4.243571765982778743e-06
-5.438076186692342162e-06
7.773431207169778645e-06
-2.549413011365686543e-06
-5.621122909360565245e-06
6.882067282276693732e-06
4.898920906271087006e-06
1.835743887568241917e-06
-4.731205081043299288e-06
5.443755071610212326e-06
5.583457095781341195e-06
-3.424991518841125071e-05
6.405939984688302502e-06
-4.341915428085485473e-06
-2.613983633636962622e-05
-8.320968845509923995e-06
1.157994029199471697e-05
5.981078629702096805e-06
3.964474217355018482e-06
-2.456736183376051486e-06
-3.122463385807350278e-05
2.750863321125507355e-03
-8.209723979234695435e-03
-2.629537601023912430e-03
8.020066656172275543e-03
-2.393282251432538033e-03
6.723099504597485065e-04
1.474653743207454681e-02
4.852829501032829285e-03
1.148537080734968185e-02
1.294017676264047623e-02
-5.174995865672826767e-03
-1.371071091853082180e-03
1.126879919320344925e-02
-4.819170571863651276e-03
5.328054248820990324e-05
-1.244884543120861053e-02
-1.463415537727996707e-04
4.746512044221162796e-03
4.158949886914342642e-04
-4.063509870320558548e-03
-2.993181580677628517e-03
1.403192337602376938e-02
3.356983140110969543e-02
-5.770905409008264542e-03
4.378652200102806091e-03
1.709018647670745850e-02
-4.071387462317943573e-03
2.262452151626348495e-03
-6.451519206166267395e-03
-5.362965166568756104e-03
4.996307659894227982e-03
1.468917634338140488e-02
-4.075041972100734711e-03
-1.162120886147022247e-02
-7.829471491277217865e-03
-1.150307897478342056e-02
-4.056168545503169298e-04
1.441160310059785843e-02
8.825562545098364353e-04
-4.070194438099861145e-03
6.784989964216947556e-03
1.021818071603775024e-02
-1.372330263257026672e-02
-1.286848541349172592e-02
-5.838279146701097488e-03
5.026352009736001492e-04
-4.113625735044479370e-03
-1.921321032568812370e-03
-5.397857632488012314e-03
-1.003732252866029739e-02
-1.498617348261177540e-03
-1.468444988131523132e-02
-1.191052701324224472e-02
-4.088140558451414108e-03
5.182620603591203690e-03
-4.426508210599422455e-03
-2.155887894332408905e-03
-1.179259270429611206e-03
-1.398828811943531036e-02
1.394574623554944992e-02
4.086249042302370071e-03
-7.632309570908546448e-03
-3.584089456126093864e-03
-1.039002649486064911e-02
8.309056982398033142e-03
-4.599456209689378738e-03
-3.034055233001708984e-03
-4.081067629158496857e-03
-1.066957972943782806e-02
9.044341859407722950e-04
-7.705066353082656860e-03
1.221565436571836472e-02
-4.074196796864271164e-03
-4.078169818967580795e-03
-1.725470996461808681e-03
9.559075348079204559e-03
-1.288430020213127136e-02
-9.650308638811111450e-03
-9.639787487685680389e-03
1.093671005219221115e-02
1.689611002802848816e-02
7.098022382706403732e-03
3.859663149341940880e-03
-9.005502797663211823e-03
-4.853600170463323593e-03
-8.397932164371013641e-03
6.371696479618549347e-03
3.403879469260573387e-03
2.648286288604140282e-03
6.021009758114814758e-03
-6.768671795725822449e-03
3.147582538076676428e-05
-4.063584841787815094e-03
9.327587904408574104e-04
-1.029944512993097305e-03
3.400424495339393616e-02
-1.072448585182428360e-02
-4.074887838214635849e-03
-8.775414316914975643e-04
1.604230701923370361e-02
-8.994013071060180664e-03
-1.029045600444078445e-02
2.868296112865209579e-03
4.237710032612085342e-03
-7.135634310543537140e-03
1.574952527880668640e-02
9.474053978919982910e-03
-5.581647623330354691e-03
3.460281994193792343e-03
-4.211750347167253494e-03
-2.601369982585310936e-03
-6.907583680003881454e-03
2.640656381845474243e-02
-6.130682304501533508e-04
-4.078227560967206955e-03
-5.290083587169647217e-03
-3.282102989032864571e-04
1.021846849471330643e-02
1.135366852395236492e-03
1.160727255046367645e-02
5.004466511309146881e-03
2.152635715901851654e-02
3.712627291679382324e-02
-4.083149600774049759e-03
-2.238139742985367775e-03
-4.804919008165597916e-03
4.135969094932079315e-03
9.420830756425857544e-03
2.997412718832492828e-02
-5.378413945436477661e-03
4.016461782157421112e-03
-2.619898179545998573e-03
1.096094958484172821e-02
-4.079413600265979767e-03
2.552795922383666039e-03
2.892701653763651848e-03
-3.973481711000204086e-03
-4.547413904219865799e-03
-1.263261679559946060e-02
3.655996918678283691e-02
-1.079599186778068542e-02
-2.226293319836258888e-03
-3.794251708313822746e-03
-8.162306621670722961e-03
-6.131455302238464355e-03
-3.718368243426084518e-03
-8.672107942402362823e-04
-9.222660213708877563e-03
-3.190865973010659218e-03
-1.170431450009346008e-02
5.576622206717729568e-03
-5.635804496705532074e-03
1.330906245857477188e-02
1.473615039139986038e-02
6.019105203449726105e-03
-4.088462796062231064e-03
-5.224463064223527908e-03
1.028304267674684525e-02
-4.079380072653293610e-03
-3.222480649128556252e-03
-3.696396248415112495e-03
-3.961540292948484421e-03
1.584445498883724213e-02
-1.006008964031934738e-02
-5.338401533663272858e-03
6.303870119154453278e-03
-2.117689512670040131e-02
-1.033931504935026169e-02
-1.052694115787744522e-02
-2.841242589056491852e-03
1.990928687155246735e-02
-3.421519650146365166e-03
-9.772671386599540710e-03
-8.304974995553493500e-03
-9.023261256515979767e-03
5.609570536762475967e-03
1.352662499994039536e-02
9.579109027981758118e-03
1.191208697855472565e-02
1.806387491524219513e-02
-3.785149659961462021e-03
-9.750598110258579254e-03
-6.772301276214420795e-04
2.623220440000295639e-03
4.136409144848585129e-03
8.101900457404553890e-04
2.503584546502679586e-04
-5.766342859715223312e-03
-9.128373116254806519e-03
-6.120658945292234421e-03
1.294649112969636917e-02
-8.255286142230033875e-03
1.905985362827777863e-02
-3.406417788937687874e-03
1.977878063917160034e-02
-2.593550132587552071e-03
-4.632130730897188187e-03
-1.091681327670812607e-02
3.122268617153167725e-02
-9.846288710832595825e-03
6.104231346398591995e-03
-5.792499985545873642e-03
8.723250590264797211e-03
-1.141689368523657322e-03
-1.127535942941904068e-02
-3.954051993787288666e-03
-6.078386795707046986e-04
-2.765690209344029427e-03
-1.063487399369478226e-02
-1.030903309583663940e-02
-4.444505088031291962e-03
-1.061685569584369659e-02
1.985056558623909950e-03
-5.614974536001682281e-03
-8.046634495258331299e-03
-4.148908425122499466e-03
1.161415688693523407e-02
-3.877725452184677124e-03
3.778239013627171516e-03
-5.284817423671483994e-03
-2.713191555812954903e-03
-4.130886401981115341e-03
1.156053692102432251e-02
2.877908991649746895e-03
-6.415141280740499496e-03
-8.198833093047142029e-03
-5.966680124402046204e-03
-1.372982189059257507e-02
-4.570321179926395416e-03
3.151599084958434105e-03
-3.518501296639442444e-03
-1.104465685784816742e-02
-8.463799953460693359e-03
-4.075287375599145889e-03
-6.164706312119960785e-03
-4.203234333544969559e-03
3.868162864819169044e-03
2.116184495389461517e-02
1.006498560309410095e-02
1.354786753654479980e-02
-4.064333625137805939e-03
-4.967633634805679321e-03
-6.504016462713479996e-03
-2.727076644077897072e-03
-1.163110695779323578e-02
-3.970980644226074219e-03
2.694365382194519043e-02
1.815634965896606445e-02
1.422677771188318729e-03
1.685281516984105110e-03
8.306630887091159821e-03
-6.955289747565984726e-03
8.701274171471595764e-03
5.088320933282375336e-03
-4.070589318871498108e-03
-5.570766050368547440e-03
2.407234860584139824e-03
-5.437523592263460159e-03
9.346422739326953888e-03
-5.395560991019010544e-03
-4.107556771486997604e-03
1.804290339350700378e-02
-1.050905673764646053e-03
6.326191127300262451e-03
2.717978321015834808e-03
-1.363546028733253479e-02
4.537178203463554382e-03
-6.712640635669231415e-03
2.580688148736953735e-02
-4.077031277120113373e-03
-5.075696390122175217e-03
6.607297342270612717e-03
-5.207410082221031189e-03
-2.615567529574036598e-03
3.300013486295938492e-03
-8.567581884562969208e-03
-5.597034934908151627e-03
1.229360792785882950e-02
-4.793323110789060593e-03
-9.592937305569648743e-03
-4.919790662825107574e-03
-1.980000175535678864e-03
1.384581555612385273e-03
1.266518328338861465e-02
-9.026989340782165527e-03
1.145500037819147110e-02
-8.058340288698673248e-03
6.468730513006448746e-03
9.831577539443969727e-03
-1.090716756880283356e-02
2.788795856758952141e-03
3.988255281001329422e-03
-8.928585797548294067e-03
5.129949189722537994e-03
1.593619701452553272e-03
-1.004249043762683868e-02
-7.815649732947349548e-03
7.784706540405750275e-03
-3.623671364039182663e-03
-6.021271459758281708e-03
-4.071849863976240158e-03
-8.485313504934310913e-03
5.331326741725206375e-03
3.362618619576096535e-03
2.475922182202339172e-02
1.758075668476521969e-03
3.121561603620648384e-03
-3.343585878610610962e-03
2.113505080342292786e-02
7.979937829077243805e-03
-2.358139026910066605e-03
-6.984967272728681564e-03
1.101371180266141891e-02
-4.055634606629610062e-03
3.702508052811026573e-03
-7.519641425460577011e-03
1.362098613753914833e-03
-5.520252976566553116e-03
-1.134406030178070068e-02
-2.047413494437932968e-03
-4.919181112200021744e-03
-8.867359720170497894e-03
1.462935283780097961e-02
-8.954288437962532043e-03
-5.761816166341304779e-03
1.629107072949409485e-02
2.544828690588474274e-03
4.184836149215698242e-02
-4.070367664098739624e-03
9.251498617231845856e-03
1.973172277212142944e-02
1.093891542404890060e-02
-1.166267879307270050e-02
-4.076757468283176422e-03
1.574380294186994433e-04
3.388878831174224615e-04
-2.027092501521110535e-03
-7.665903773158788681e-03
-5.379882641136646271e-03
-4.070937167853116989e-03
3.211707342416048050e-03
-4.836454987525939941e-03
-2.148705534636974335e-03
-3.849117550998926163e-03
-6.596593186259269714e-03
5.336344838724471629e-05
9.531409479677677155e-03
-4.904687870293855667e-03
6.077021826058626175e-03
9.519691811874508858e-04
7.359362673014402390e-03
-2.929853042587637901e-03
1.270414213649928570e-03
-4.316691774874925613e-03
-2.970185363665223122e-03
-9.652821347117424011e-03
-2.146800048649311066e-03
-2.437951741740107536e-03
1.444627530872821808e-02
-5.747936200350522995e-03
1.269085332751274109e-03
-5.871830042451620102e-03
2.773838583379983902e-03
1.469396520406007767e-02
-1.824425999075174332e-03
-3.275679191574454308e-03
-1.580277225002646446e-03
4.121677950024604797e-03
-9.855070384219288826e-04
5.666074808686971664e-03
8.196547627449035645e-03
-4.746290389448404312e-03
2.230391604825854301e-03
1.053636614233255386e-02
6.960230879485607147e-03
8.117887191474437714e-03
-4.082540050148963928e-03
3.081391565501689911e-03
2.901759929955005646e-02
4.758136346936225891e-03
-4.605160560458898544e-03
1.524865743704140186e-03
-4.075273871421813965e-03
6.539353053085505962e-04
-4.519191570580005646e-03
-1.023238804191350937e-02
9.350506588816642761e-03
-4.075638484209775925e-03
-3.268796950578689575e-03
-2.078186022117733955e-03
-1.085339579731225967e-02
1.982916146516799927e-02
5.949431564658880234e-03
-4.067979753017425537e-03
1.404553931206464767e-02
1.521815196610987186e-03
2.010926604270935059e-03
-2.876182785257697105e-03
3.439484396949410439e-03
-1.709724217653274536e-02
1.238755066879093647e-03
-3.520164871588349342e-03
1.108089461922645569e-03
-1.774315955117344856e-03
-1.021162024699151516e-03
-4.078066907823085785e-03
1.053184270858764648e-02
-4.075556062161922455e-03
1.058316789567470551e-02
1.412440440617501736e-03
-6.899517029523849487e-04
-4.145320970565080643e-03
3.456016536802053452e-03
-5.963478179182857275e-05
3.591628046706318855e-03
1.200912892818450928e-02
-4.065702669322490692e-03
-1.704712864011526108e-03
-3.178423736244440079e-03
-4.081571009010076523e-03
-6.915554404258728027e-03
-5.670847836881875992e-03
-6.264050491154193878e-03
-5.694892723113298416e-03
8.345086127519607544e-03
1.673936843872070312e-03
-1.121046766638755798e-02
-1.023364812135696411e-02
-6.407417356967926025e-03
6.868088152259588242e-03
2.497402718290686607e-03
5.132775986567139626e-04
2.614243887364864349e-03
-2.078580437228083611e-03
-4.428807646036148071e-03
7.622767006978392601e-04
7.652978878468275070e-03
-4.070633556693792343e-03
7.169785443693399429e-03
-4.229558631777763367e-03
7.515863981097936630e-04
-5.487107206135988235e-03
3.309227293357253075e-03
-8.455634117126464844e-03
-7.083189208060503006e-03
-3.101783804595470428e-03
-3.371851984411478043e-03
7.262504659593105316e-03
-8.959342725574970245e-03
3.185558691620826721e-02
-1.035450492054224014e-02
-4.322355147451162338e-03
-5.633671768009662628e-03
-1.187430042773485184e-02
-1.278866734355688095e-02
-4.084633197635412216e-03
-4.080125130712985992e-03
1.494967378675937653e-03
-8.251165039837360382e-03
5.306809209287166595e-03
-3.149232361465692520e-04
-1.103790011256933212e-02
2.946274168789386749e-02
1.533566787838935852e-02
-4.168621264398097992e-03
-5.330183077603578568e-03
-5.236415192484855652e-03
-1.269543543457984924e-02
-4.836038220673799515e-03
1.019085943698883057e-02
1.100624073296785355e-02
-2.572553697973489761e-03
-2.229348989203572273e-03
-1.094048959203064442e-03
5.040265619754791260e-03
-1.347048673778772354e-02
-5.627936217933893204e-03
8.755823597311973572e-03
-5.068785510957241058e-03
2.172558568418025970e-02
4.594033234752714634e-04
9.293449111282825470e-03
2.185670193284749985e-03
3.917559515684843063e-03
2.765450859442353249e-03
-5.589241627603769302e-03
-5.740939173847436905e-03
1.121856970712542534e-03
8.103671716526150703e-04
7.946480065584182739e-03
-4.074211698025465012e-03
-1.033655740320682526e-02
1.230291649699211121e-02
-5.394755862653255463e-03
4.889163188636302948e-03
5.408484954386949539e-03
-1.936739543452858925e-03
2.701549325138330460e-03
-4.075447563081979752e-03
-2.119801356457173824e-04
-1.387138664722442627e-02
-5.319027230143547058e-03
-8.046624716371297836e-04
-1.277294009923934937e-03
1.335637830197811127e-02
-6.217679474502801895e-03
-4.080987069755792618e-03
6.935763172805309296e-03
-4.492224659770727158e-03
-1.013382896780967712e-02
-5.587119609117507935e-03
-4.121498670428991318e-03
1.223740633577108383e-03
-5.339920055121183395e-03
-2.709306543692946434e-03
-1.191755011677742004e-02
-4.870626609772443771e-03
1.209837757050991058e-02
1.466476242057979107e-03
-4.073895979672670364e-03
-4.046527668833732605e-03
-1.024438627064228058e-02
-5.512571893632411957e-03
-4.088415298610925674e-03
-6.216843758011236787e-05
2.205030294135212898e-03
8.918101899325847626e-03
-5.310389678925275803e-03
-4.846000578254461288e-03
-4.484624601900577545e-03
1.382137532345950603e-03
-1.161178806796669960e-03
-2.711531473323702812e-03
6.149545079097151756e-04
-2.131247427314519882e-03
3.214125055819749832e-03
-4.183989018201828003e-03
-6.773822009563446045e-03
9.272555820643901825e-03
1.811305806040763855e-02
-4.076119977980852127e-03
-1.004635915160179138e-02
-6.213964894413948059e-03
-1.617069356143474579e-03
1.587357139214873314e-03
1.320619136095046997e-02
-9.328890591859817505e-03
4.378772806376218796e-03
-4.248890560120344162e-03
-3.801479004323482513e-03
3.282930236309766769e-03
1.705976552329957485e-03
-6.101279519498348236e-03
3.969011572735325899e-07
-7.722527720034122467e-03
-4.073140211403369904e-03
-3.391997190192341805e-03
1.323967706412076950e-02
4.816993139684200287e-03
-6.258928682655096054e-03
1.237879320979118347e-02
-4.071631934493780136e-03
-7.936812937259674072e-03
-5.929589271545410156e-03
-3.580684307962656021e-03
-8.301534689962863922e-03
1.112009398639202118e-03
-5.962620489299297333e-03
1.033445447683334351e-02
-4.078160040080547333e-03
9.708988945931196213e-04
-4.939344711601734161e-03
2.748109167441725731e-03
4.897134844213724136e-03
-6.448448169976472855e-03
-2.208987018093466759e-03
-7.809972856193780899e-03
-1.782806240953505039e-03
-6.861787289381027222e-03
-1.169833727180957794e-02
-1.423910493031144142e-03
-7.084317505359649658e-03
-9.781146422028541565e-03
-7.670778315514326096e-03
-1.121015474200248718e-02
-2.950292313471436501e-03
1.975053548812866211e-02
6.293794605880975723e-03
6.612905301153659821e-03
-9.428773773834109306e-04
1.319974381476640701e-02
1.803001156076788902e-03
1.400866429321467876e-03
-6.295824423432350159e-03
-5.017694551497697830e-03
-4.804648458957672119e-03
-6.421648431569337845e-03
-4.093194846063852310e-03
1.752166822552680969e-02
-2.361731836572289467e-03
-1.003392320126295090e-02
-2.885454159695655107e-04
-4.028442781418561935e-03
-1.560363918542861938e-03
-8.237101137638092041e-03
5.560200661420822144e-03
6.956528406590223312e-03
-4.612160846590995789e-03
-5.569381639361381531e-03
-4.033131990581750870e-03
2.025392837822437286e-02
8.779251365922391415e-04
-3.247143002226948738e-03
1.630056276917457581e-02
-4.069723654538393021e-03
3.245315514504909515e-03
-1.040125638246536255e-02
-3.199430881068110466e-03
-2.938514342531561852e-03
-4.235833883285522461e-03
-5.510636605322360992e-03
-3.456840990111231804e-03
-4.826479591429233551e-03
2.674490096978843212e-04
-4.029192496091127396e-03
-9.234952740371227264e-04
6.661443971097469330e-03
-9.568210691213607788e-03
-6.954386830329895020e-03
2.720016753301024437e-03
5.594379268586635590e-03
-8.420104160904884338e-03
-6.906202528625726700e-03
6.158730015158653259e-03
-1.122775208204984665e-02
-5.374143831431865692e-03
8.837359026074409485e-03
-4.068067297339439392e-03
-5.899740383028984070e-03
1.440109044779092073e-04
6.689381785690784454e-03
7.513417396694421768e-03
-1.330443471670150757e-02
-1.023534312844276428e-02
-5.764096044003963470e-03
-1.017801836133003235e-02
-3.678148146718740463e-03
6.013046368025243282e-04
-3.416361054405570030e-03
1.841033622622489929e-02
2.578556770458817482e-03
-6.517127156257629395e-03
3.360145958140492439e-03
-1.259525655768811703e-03
1.164705771952867508e-02
3.942934796214103699e-03
-9.678717702627182007e-03
2.515958913136273623e-04
-5.401251837611198425e-03
-7.646705489605665207e-03
6.408545305021107197e-04
6.666089873760938644e-03
4.012142308056354523e-03
-8.344636880792677402e-04
-2.591635566204786301e-03
8.054643985815346241e-04
5.226237233728170395e-03
1.930369180627167225e-03
1.339488755911588669e-02
1.745448098517954350e-03
1.334334723651409149e-02
-6.733700633049011230e-03
3.032806143164634705e-02
-3.770266659557819366e-03
-4.085417836904525757e-03
-5.703270900994539261e-03
1.080690883100032806e-03
-2.730107866227626801e-03
4.014210402965545654e-02
-4.340341314673423767e-03
-2.685257466509938240e-03
-7.348984014242887497e-03
-4.832803737372159958e-03
-3.040011739358305931e-03
1.780163310468196869e-02
-8.468761225230991840e-04
-1.516562141478061676e-02
1.317059062421321869e-02
-6.753664929419755936e-03
-8.575633168220520020e-03
1.796275377273559570e-02
1.387352030724287033e-02
-9.058040566742420197e-03
-5.190578289330005646e-03
-3.320854390040040016e-03
-3.226516768336296082e-03
-1.202234439551830292e-02
-5.266201216727495193e-03
-6.639298982918262482e-03
1.513678766787052155e-02
1.030662376433610916e-02
2.155631547793745995e-03
1.592870987951755524e-02
9.159777313470840454e-03
7.279492914676666260e-03
-9.880658239126205444e-03
-2.784167416393756866e-03
1.559611293487250805e-03
-2.365701599046587944e-03
7.818620651960372925e-03
5.255059339106082916e-03
2.200742252171039581e-02
-4.396178759634494781e-03
4.958053119480609894e-03
-1.815623982110992074e-04
3.184774192050099373e-03
-4.067671485245227814e-03
7.307262625545263290e-03
4.323493223637342453e-03
-3.176213474944233894e-03
-1.797651755623519421e-03
-1.483853813260793686e-02
-4.076485056430101395e-03
1.693258248269557953e-02
2.180537208914756775e-02
1.272095832973718643e-02
6.271657766774296761e-04
-3.619819879531860352e-03
-9.743732400238513947e-03
-9.853788651525974274e-03
-3.506814595311880112e-03
-6.438754033297300339e-03
-4.066815134137868881e-03
-5.734736565500497818e-03
-5.002028308808803558e-03
4.909629002213478088e-03
-7.225952576845884323e-03
-4.861710127443075180e-03
4.697320982813835144e-03
-5.701906979084014893e-03
-4.085262771695852280e-03
3.980352077633142471e-03
2.022456564009189606e-02
7.964362390339374542e-03
-9.549703449010848999e-03
-5.288705695420503616e-03
-2.980454359203577042e-03
1.372623350471258163e-02
1.262370264157652855e-03
-6.876120343804359436e-03
-1.042228005826473236e-02
-4.084828775376081467e-03
-9.966944344341754913e-03
7.992755621671676636e-03
-7.501007523387670517e-03
7.958544883877038956e-04
-9.772036224603652954e-03
-4.563720431178808212e-03
-1.523313228972256184e-03
-2.476515714079141617e-03
1.942392322234809399e-03
-4.579877480864524841e-03
-2.825079485774040222e-03
1.041232235729694366e-02
1.414863113313913345e-02
-4.074390977621078491e-03
9.434542618691921234e-03
1.646350510418415070e-02
-4.063189495354890823e-03
-4.075449425727128983e-03
-8.344403468072414398e-03
2.176888374378904700e-04
-4.074919037520885468e-03
-8.745637722313404083e-03
-3.900710726156830788e-04
-4.075555596500635147e-03
-5.079101771116256714e-03
-2.844658913090825081e-03
1.051040645688772202e-02
-3.118785098195075989e-03
2.842978807166218758e-03
1.273627020418643951e-02
4.765552934259176254e-03
5.483285523951053619e-03
1.366404164582490921e-02
-3.870901884511113167e-03
-6.584119983017444611e-03
-3.159230574965476990e-03
2.435171790421009064e-02
-1.303801126778125763e-02
-1.948927063494920731e-03
-9.131976403295993805e-03
-3.553926944732666016e-03
-9.238354861736297607e-03
-4.965573549270629883e-03
-6.155406590551137924e-03
-2.338907215744256973e-03
-4.325901623815298080e-03
-1.125199254602193832e-02
-4.079926293343305588e-03
-2.403037622570991516e-03
-5.226732697337865829e-03
-4.080596379935741425e-03
5.578469019383192062e-03
2.035097032785415649e-02
6.354791577905416489e-03
4.460303578525781631e-03
1.054147840477526188e-03
-5.976461805403232574e-03
4.195560701191425323e-03
1.066054962575435638e-02
-7.217947859317064285e-04
-6.234303582459688187e-03
-1.085912715643644333e-02
-8.254304528236389160e-03
-4.080394748598337173e-03
-1.798257697373628616e-03
1.327852439135313034e-02
5.199776962399482727e-03
-1.695893239229917526e-03
-9.661545045673847198e-03
-1.210360322147607803e-03
9.470048360526561737e-03
7.749751210212707520e-03
-4.083872772753238678e-03
-1.758105237968266010e-03
3.895334154367446899e-02
-1.190771535038948059e-02
3.862201701849699020e-03
8.011515252292156219e-03
-9.410811588168144226e-03
9.254073724150657654e-03
1.365553215146064758e-02
-6.147686857730150223e-03
-1.732427044771611691e-03
9.655251167714595795e-03
3.910184750566259027e-05
8.438186720013618469e-03
-4.499037750065326691e-03
-1.223406475037336349e-02
3.821915015578269958e-03
-2.571789082139730453e-03
-4.130100365728139877e-03
-3.294512629508972168e-03
1.960916817188262939e-02
-3.142305649816989899e-03
1.274729031138122082e-03
4.679250123444944620e-04
-5.186419468373060226e-03
-6.158541887998580933e-03
-3.706186311319470406e-03
-4.447745624929666519e-03
-3.662570961751043797e-04
1.343028061091899872e-02
-4.061408806592226028e-03
-6.129412446171045303e-03
-5.847326945513486862e-03
-3.659351496025919914e-03
-8.962459862232208252e-03
-6.479328498244285583e-03
3.417962871026247740e-04
-1.913763582706451416e-03
-7.286570966243743896e-03
-1.276600640267133713e-02
1.023694640025496483e-03
-2.448457526043057442e-03
-1.901345676742494106e-03
7.097106426954269409e-03
5.185527261346578598e-04
4.560856614261865616e-03
-2.088204724714159966e-03
6.466323975473642349e-03
-1.544921542517840862e-03
-6.556473672389984131e-03
-7.511233445256948471e-03
2.410097792744636536e-02
-4.213264212012290955e-03
3.039265051484107971e-03
-4.064506851136684418e-03
5.817280616611242294e-04
1.141210203059017658e-03
-6.401872262358665466e-03
-1.296675414778292179e-03
-3.934715408831834793e-03
3.003816679120063782e-02
2.204623539000749588e-03
4.338130354881286621e-03
-7.598636148031800985e-05
9.711606428027153015e-03
1.419397629797458649e-02
-4.035639576613903046e-03
-4.077581223100423813e-03
1.837051473557949066e-03
-1.220600493252277374e-02
-5.627010483294725418e-03
-7.157281972467899323e-03
-1.496400218456983566e-04
-3.886589780449867249e-03
1.078675687313079834e-02
5.711783189326524734e-03
-5.426568095572292805e-04
-1.737046800553798676e-02
-4.009963944554328918e-03
8.436957374215126038e-03
-3.892995882779359818e-03
-5.589186679571866989e-03
-3.542857244610786438e-03
3.943821880966424942e-03
-1.953503675758838654e-02
1.640376262366771698e-02
7.172511541284620762e-04
-3.777793608605861664e-03
4.754666239023208618e-03
2.608260372653603554e-03
-4.071725532412528992e-03
-7.453119847923517227e-03
-5.440692882984876633e-03
1.755746081471443176e-02
-1.645053620450198650e-03
-4.068508744239807129e-03
-8.268044330179691315e-03
-1.217776723206043243e-02
3.396369982510805130e-03
-1.118758227676153183e-03
-4.082939587533473969e-03
7.533085066825151443e-03
-4.069687332957983017e-03
8.734945207834243774e-03
-4.676850512623786926e-03
-1.642099767923355103e-02
3.350312355905771255e-03
-2.127113984897732735e-03
2.978235133923590183e-04
6.601197645068168640e-03
-1.000251271761953831e-03
-2.336398232728242874e-03
-3.247469197958707809e-03
-4.879421554505825043e-03
-1.172219216823577881e-02
4.522999224718660116e-04
-5.260744597762823105e-03
-4.068016540259122849e-03
-9.414650499820709229e-03
-4.888687748461961746e-03
-9.144383366219699383e-04
7.518399506807327271e-04
-6.613636389374732971e-03
-1.500131678767502308e-03
7.964695803821086884e-03
-9.489882737398147583e-03
1.312487106770277023e-02
-6.142292637377977371e-03
6.379798520356416702e-03
-9.343196637928485870e-03
-5.302944686263799667e-03
-1.915731583721935749e-03
-7.552644237875938416e-03
9.558212012052536011e-03
-1.192476786673069000e-02
-5.938251968473196030e-03
1.114966720342636108e-02
-4.846761003136634827e-03
4.076809156686067581e-03
7.732928730547428131e-03
4.688962144427932799e-05
5.800102837383747101e-03
1.050549652427434921e-02
1.991713186725974083e-03
-4.079978447407484055e-03
-4.684831947088241577e-03
-1.937106208060868084e-05
-6.144087761640548706e-03
-6.441550794988870621e-03
-7.950795814394950867e-03
-4.986970452591776848e-04
9.963455609977245331e-03
-6.999065168201923370e-03
-4.073503892868757248e-03
-7.886604405939579010e-03
1.072396244853734970e-02
-4.779220907948911190e-04
5.651504732668399811e-03
-1.597171532921493053e-03
-1.337964646518230438e-02
-1.627708598971366882e-02
-8.368418551981449127e-03
-1.095886621624231339e-02
-4.067529924213886261e-03
-8.586225099861621857e-03
-4.067059606313705444e-03
3.529025986790657043e-02
-4.701546393334865570e-03
-6.198503542691469193e-03
-1.458460028516128659e-04
3.453004872426390648e-03
9.968978352844715118e-03
-8.817248977720737457e-03
-7.435484323650598526e-03
-5.527467583306133747e-04
-1.372132333926856518e-03
-4.443429876118898392e-03
-5.210022442042827606e-03
1.636613532900810242e-02
-9.446129202842712402e-03
6.058193743228912354e-03
9.481869637966156006e-03
-1.042670756578445435e-02
-6.874036043882369995e-03
-9.067513979971408844e-03
4.864467773586511612e-03
1.263755955733358860e-03
-7.653212174773216248e-03
-4.532779566943645477e-03
8.770751766860485077e-03
2.041570609435439110e-03
-2.927328459918498993e-03
-5.054892506450414658e-03
-4.082862753421068192e-03
1.233382849022746086e-03
4.908027593046426773e-03
1.075542811304330826e-02
-2.636880148202180862e-03
1.077230740338563919e-02
-9.996633045375347137e-03
-3.879290772601962090e-03
2.153751906007528305e-03
-4.306449089199304581e-03
-8.807769045233726501e-03
-5.192004144191741943e-03
-9.636454284191131592e-03
-8.120471611618995667e-03
-4.243925213813781738e-03
-5.092865321785211563e-03
3.594990412238985300e-04
-1.196052320301532745e-02
-2.825126051902770996e-03
1.276958640664815903e-02
2.562102302908897400e-02
1.125719305127859116e-02
1.335255056619644165e-02
-5.740379448980093002e-03
1.038856245577335358e-02
-8.840300142765045166e-03
-2.836931031197309494e-03
-4.560048226267099380e-03
-2.246164251118898392e-03
-4.435083828866481781e-03
-5.793274380266666412e-03
-5.443219561129808426e-03
-9.473429061472415924e-03
1.475878409110009670e-03
4.929509945213794708e-03
-8.692669682204723358e-03
-1.936510088853538036e-03
5.553794908337295055e-04
-2.183616394177079201e-03
2.334923716261982918e-03
-1.121355686336755753e-03
-4.492485430091619492e-03
3.335663350299000740e-04
-5.457913037389516830e-03
-4.067464731633663177e-03
3.634163411334156990e-03
1.601479575037956238e-02
2.047225600108504295e-03
4.400541365612298250e-04
3.213863447308540344e-02
-4.070166032761335373e-03
-1.531469076871871948e-02
-4.078878089785575867e-03
1.046138815581798553e-02
1.324437092989683151e-03
-1.005068700760602951e-02
-5.082154646515846252e-03
6.015906110405921936e-04
-6.874086800962686539e-03
-4.548876546323299408e-03
7.515368983149528503e-03
-4.076984245330095291e-03
6.111455615609884262e-03
2.520711347460746765e-02
3.092768602073192596e-04
-6.015404593199491501e-03
2.082847245037555695e-02
-5.758102517575025558e-03
-4.074734635651111603e-03
8.207528851926326752e-03
-1.253990805707871914e-03
4.730043467134237289e-03
-4.899953957647085190e-03
1.632019691169261932e-02
-3.769073868170380592e-03
3.314583562314510345e-03
5.792913492769002914e-03
3.970876801759004593e-03
5.582773126661777496e-03
2.353167347609996796e-02
-1.105383876711130142e-02
3.846154315397143364e-03
-8.895811624825000763e-03
-1.048682350665330887e-02
-1.438809704268351197e-04
-5.241650622338056564e-03
6.169390399008989334e-03
2.011915668845176697e-02
-6.137698888778686523e-03
1.041739434003829956e-02
-6.403699051588773727e-03
-4.079293925315141678e-03
-6.933132186532020569e-03
-9.546299465000629425e-03
-3.564034355804324150e-03
-6.384794600307941437e-03
4.437909927219152451e-03
7.534404285252094269e-03
1.382821425795555115e-02
-5.808791611343622208e-03
-3.875832306221127510e-03
-8.287211880087852478e-03
1.898719742894172668e-02
-4.085198976099491119e-03
-1.205759868025779724e-02
3.204622073099017143e-03
-6.124762818217277527e-03
-1.146670617163181305e-02
-1.511088921688497066e-03
-1.669560442678630352e-03
-1.267192885279655457e-02
-3.318053437396883965e-03
3.323371987789869308e-03
-1.447739265859127045e-02
1.474197395145893097e-02
-3.330717794597148895e-03
1.408465299755334854e-02
-4.809822887182235718e-03
-1.177860307507216930e-03
-3.118376480415463448e-03
3.267375985160470009e-03
-6.034977734088897705e-03
8.033800870180130005e-03
4.825612995773553848e-03
-5.093929823487997055e-03
-3.241570084355771542e-04
3.108991775661706924e-03
-6.829961203038692474e-03
2.231301367282867432e-02
9.138352237641811371e-03
2.389688044786453247e-03
6.524585769511759281e-04
-4.161499440670013428e-03
-3.962689545005559921e-03
-4.152332432568073273e-03
-5.438654683530330658e-03
-5.293584428727626801e-03
2.359026484191417694e-02
9.511699900031089783e-03
-4.083387088030576706e-03
-4.614681005477905273e-03
9.972341358661651611e-04
1.573358662426471710e-02
-2.241557929664850235e-03
-9.773473255336284637e-03
-3.160672262310981750e-03
-2.993978559970855713e-04
6.934266071766614914e-03
-6.097091361880302429e-03
7.096481509506702423e-03
-1.080780848860740662e-02
-4.830894526094198227e-03
1.535531319677829742e-02
6.657241843640804291e-03
-6.242735311388969421e-03
8.221093565225601196e-03
-8.510564453899860382e-03
-4.066980443894863129e-03
-8.921609260141849518e-03
-8.911541663110256195e-04
-2.183224540203809738e-03
2.661774866282939911e-03
-4.075791221112012863e-03
1.447496563196182251e-02
-6.374630145728588104e-03
-1.087874546647071838e-02
-1.033889874815940857e-02
-4.072287119925022125e-03
-2.566872397437691689e-03
1.794265583157539368e-02
2.068711631000041962e-02
1.959377434104681015e-03
1.051706634461879730e-02
-4.083162639290094376e-03
1.018601097166538239e-02
1.369546167552471161e-02
4.308016505092382431e-03
-5.144070833921432495e-03
9.517534635961055756e-03
8.749763481318950653e-03
-9.447585791349411011e-03
-5.555748473852872849e-03
-5.716435145586729050e-03
-1.068918779492378235e-02
1.366663910448551178e-02
2.802615985274314880e-03
1.291174348443746567e-02
4.176743386778980494e-04
1.367953326553106308e-02
1.017343439161777496e-02
-4.618385806679725647e-03
-2.251205500215291977e-03
-6.965728942304849625e-03
-4.078514408320188522e-03
4.116180352866649628e-03
-9.529033675789833069e-03
6.225266493856906891e-03
-4.081760998815298080e-03
1.573061756789684296e-02
1.274791453033685684e-02
-7.854917203076183796e-04
-4.500257316976785660e-03
-4.162300843745470047e-03
-1.278692763298749924e-02
-1.070527080446481705e-02
-5.375918000936508179e-03
2.667135559022426605e-03
4.226434230804443359e-02
-6.468684878200292587e-03
-5.667552817612886429e-03
-1.370145846158266068e-02
-9.814810007810592651e-03
5.388611927628517151e-03
-1.843471778556704521e-03
-3.717995714396238327e-03
-4.080913495272397995e-03
9.900121018290519714e-03
2.256437949836254120e-02
-9.080477990210056305e-03
2.453124616295099258e-03
-9.705843403935432434e-03
1.415682956576347351e-02
-9.615829214453697205e-03
-5.280156619846820831e-03
-1.474719494581222534e-03
-4.084401763975620270e-03
-2.930189715698361397e-03
8.654348552227020264e-03
-2.192093292251229286e-03
4.066564142704010010e-03
-1.596927293576300144e-03
-1.831318484619259834e-03
-4.836095031350851059e-03
-7.174557540565729141e-03
5.096540786325931549e-03
2.798442728817462921e-02
-4.081744700670242310e-03
-5.484106019139289856e-03
7.410082034766674042e-03
-7.424921728670597076e-03
-3.851382294669747353e-03
-3.216082463040947914e-03
-1.057909149676561356e-02
1.878971583209931850e-03
2.828828291967511177e-03
-1.348022744059562683e-02
-3.899576608091592789e-03
-1.193648320622742176e-03
-6.092945113778114319e-03
1.586719788610935211e-02
9.793258272111415863e-03
-1.120530441403388977e-02
-1.321536675095558167e-02
-4.073933698236942291e-03
1.839872263371944427e-02
-1.829340308904647827e-02
-8.108422160148620605e-03
4.353909753262996674e-03
2.202760195359587669e-03
1.194315217435359955e-02
-1.254642661660909653e-02
7.833521813154220581e-04
-5.677552428096532822e-03
-1.001867372542619705e-02
-7.259321399033069611e-03
-4.011412092950195074e-04
-5.006296094506978989e-03
-6.463714409619569778e-03
3.950709011405706406e-03
-3.718510037288069725e-03
3.016586881130933762e-03
-3.018165589310228825e-04
-4.073522519320249557e-03
-4.735717084258794785e-03
2.178271533921360970e-03
-6.817598827183246613e-03
-4.085120279341936111e-03
-4.155759233981370926e-03
-1.219716574996709824e-02
-9.766261093318462372e-03
8.460768498480319977e-03
-5.683000199496746063e-03
-3.303946461528539658e-03
-5.877155344933271408e-03
-4.796031862497329712e-03
-6.081395782530307770e-03
-2.312776166945695877e-03
1.213829778134822845e-02
-1.703542075119912624e-03
-8.487744256854057312e-03
2.091918606311082840e-03
-4.078806377947330475e-03
-5.064475815743207932e-03
9.649339132010936737e-03
-6.781191565096378326e-03
1.961553469300270081e-02
-5.719708278775215149e-03
-6.354100536555051804e-03
1.328953262418508530e-02
-6.164625752717256546e-03
3.661555703729391098e-03
-2.022343105636537075e-04
-9.656612528488039970e-04
-4.270521923899650574e-03
-9.463557973504066467e-03
-5.409487988799810410e-03
-4.070618189871311188e-03
6.818172521889209747e-03
-4.559150431305170059e-03
-9.064199402928352356e-04
1.049363170750439167e-03
1.750391907989978790e-03
-7.895688177086412907e-04
-2.286726521560922265e-04
4.251491278409957886e-03
-8.683917112648487091e-03
-9.684498654678463936e-04
-5.734132137149572372e-03
-4.412498325109481812e-03
3.420621622353792191e-03
9.527694433927536011e-03
-1.390687376260757446e-02
-6.135778967291116714e-03
-1.268773339688777924e-02
-1.800460973754525185e-03
-8.321974426507949829e-03
-1.250161672942340374e-03
-4.065251909196376801e-03
-4.783000331372022629e-03
1.310801412910223007e-02
2.047704765573143959e-05
2.200955338776111603e-02
-4.018816631287336349e-03
-6.269840989261865616e-03
6.973038893193006516e-03
-1.034648856148123741e-03
-1.576872169971466064e-02
-6.621883716434240341e-03
6.133323186077177525e-04
-1.392845064401626587e-03
6.641542539000511169e-03
-6.100814323872327805e-03
5.192849319428205490e-03
-2.534091006964445114e-03
-4.685890395194292068e-03
-4.077050834894180298e-03
-4.630185198038816452e-03
-4.070947878062725067e-03
2.243640599772334099e-03
1.961781457066535950e-02
9.488653391599655151e-03
4.517353326082229614e-02
6.921264808624982834e-03
-5.784183740615844727e-03
-1.032156962901353836e-02
9.481983259320259094e-03
1.702146022580564022e-03
-7.283577695488929749e-03
1.376533508300781250e-02
-1.819338940549641848e-04
-2.355554606765508652e-03
-1.570112304762005806e-03
-1.901034964248538017e-03
-2.678762190043926239e-03
-7.398994639515876770e-04
-4.161079879850149155e-03
1.111501362174749374e-03
-1.060771942138671875e-02
8.036558516323566437e-03
-4.068878944963216782e-03
-5.114006809890270233e-03
-1.064569037407636642e-02
-3.250802634283900261e-03
1.129494141787290573e-02
4.241731483489274979e-03
-1.020835340023040771e-02
5.202983971685171127e-03
-1.597182266414165497e-02
-4.078961443156003952e-03
2.316193282604217529e-02
1.560543605592101812e-04
-9.809409966692328453e-04
2.157767489552497864e-02
-1.048945076763629913e-02
2.555669052526354790e-03
3.801525454036891460e-04
-5.602018442004919052e-03
-6.237869616597890854e-03
-4.104950465261936188e-03
-5.253915209323167801e-03
-4.668209701776504517e-03
1.154195424169301987e-02
-6.456143688410520554e-03
-7.044859230518341064e-03
3.276054747402667999e-03
1.413184450939297676e-03
1.057331101037561893e-03
4.581109620630741119e-03
-2.379871206358075142e-03
5.853897891938686371e-03
-5.889442749321460724e-03
-4.550170619040727615e-03
-7.905801758170127869e-03
-8.820362389087677002e-03
3.928625024855136871e-03
-5.623363889753818512e-03
-6.359003949910402298e-03
7.766223046928644180e-03
-3.323801560327410698e-03
-4.259791225194931030e-03
3.624748671427369118e-03
7.812943309545516968e-03
-1.078663580119609833e-02
1.150708179920911789e-02
-6.714248098433017731e-03
2.561664953827857971e-02
2.063724445179104805e-03
-5.736898165196180344e-03
-1.327273901551961899e-02
1.192518044263124466e-03
-2.151958178728818893e-03
-5.516008473932743073e-03
1.570132002234458923e-02
1.359717862214893103e-05
-2.748543396592140198e-03
1.161784306168556213e-02
-9.603903628885746002e-03
8.711592294275760651e-03
-1.079901494085788727e-02
1.123787090182304382e-02
4.580699838697910309e-03
-1.467646751552820206e-02
-4.742953926324844360e-03
1.543024205602705479e-03
2.032589633017778397e-03
1.715229125693440437e-03
-4.691369365900754929e-03
-1.635222136974334717e-02
-6.108207628130912781e-03
-1.207500044256448746e-02
-5.661684554070234299e-03
4.169512540102005005e-04
4.154823720455169678e-02
1.861014752648770809e-03
1.440659980289638042e-03
1.199879869818687439e-02
-5.267585627734661102e-03
1.676457817666232586e-03
1.534788683056831360e-02
-8.827848359942436218e-03
8.297039894387125969e-04
5.251560825854539871e-03
-2.516739303246140480e-03
3.086832817643880844e-03
1.660425588488578796e-02
-4.069090820848941803e-03
9.275032789446413517e-05
-1.810472109355032444e-03
1.269920263439416885e-02
-4.239271860569715500e-03
7.496688980609178543e-03
-4.823637194931507111e-03
3.212215146049857140e-03
1.592981256544589996e-02
-4.080481827259063721e-03
-2.421774202957749367e-03
3.514412790536880493e-03
-1.819868921302258968e-03
-1.226874720305204391e-02
7.466989569365978241e-03
-2.311865333467721939e-03
-5.249998532235622406e-03
1.491410192102193832e-02
1.109359879046678543e-02
-4.733508452773094177e-03
-4.324784502387046814e-03
1.686532609164714813e-02
1.376290712505578995e-02
9.724666364490985870e-03
-4.079162143170833588e-03
-2.771161729469895363e-03
-8.464623242616653442e-03
9.091742685995995998e-04
-2.568162744864821434e-03
-1.160025969147682190e-02
3.922268224414438009e-04
-1.010715123265981674e-02
-4.066193941980600357e-03
9.987851371988654137e-04
-6.554377265274524689e-03
-1.776849618181586266e-03
-5.013827700167894363e-03
1.080583664588630199e-03
1.463061664253473282e-03
-5.837976932525634766e-04
-1.588099170476198196e-03
-4.650970920920372009e-03
-4.066808149218559265e-03
-6.291287019848823547e-03
2.395611256361007690e-03
9.914727881550788879e-03
-4.238032852299511433e-04
7.698025088757276535e-03
5.680189497070387006e-05
-6.210125982761383057e-03
-5.753978621214628220e-03
1.624580356292426586e-03
-3.179915482178330421e-03
2.471578866243362427e-02
9.013492614030838013e-03
1.818381808698177338e-02
1.323283649981021881e-02
-2.519090427085757256e-03
-6.303633563220500946e-03
3.109621629118919373e-02
-5.048545543104410172e-03
1.012744847685098648e-03
1.259686890989542007e-03
1.950128190219402313e-02
-6.653165910392999649e-03
3.366353921592235565e-03
4.028652794659137726e-03
2.683802973479032516e-03
-1.012752577662467957e-02
-4.077106248587369919e-03
-3.183066728524863720e-04
-4.718274576589465141e-04
-3.404250601306557655e-03
2.802542439894750714e-05
-1.165524218231439590e-02
2.739501185715198517e-03
1.740685664117336273e-02
-1.471504755318164825e-02
4.194983094930648804e-02
3.291710047051310539e-03
-4.790272505488246679e-04
-8.916241116821765900e-03
4.138440825045108795e-03
-4.001977387815713882e-03
3.900030162185430527e-03
2.030755626037716866e-03
-3.023791359737515450e-03
-1.187474187463521957e-02
-4.071608185768127441e-03
-4.143725614994764328e-03
1.354239322245121002e-02
6.390140042640268803e-04
-3.186078043654561043e-03
-4.067505244165658951e-03
2.123825438320636749e-02
9.867541491985321045e-03
-3.972265869379043579e-03
-9.416614659130573273e-03
-1.367477932944893837e-03
-7.828461006283760071e-03
8.923718705773353577e-03
2.869410905987024307e-03
6.913051474839448929e-03
-4.858347121626138687e-03
-9.852868504822254181e-03
-1.456959522329270840e-03
-5.818689242005348206e-03
-2.413718029856681824e-03
-4.341779742389917374e-03
-1.238268887391313910e-04
6.378943799063563347e-04
-1.100498531013727188e-02
-3.536062082275748253e-03
-4.913488519378006458e-04
-1.377616077661514282e-03
-1.910381368361413479e-03
-5.878881085664033890e-03
-4.738355521112680435e-03
-4.821432754397392273e-03
-1.163097843527793884e-02
-6.490482017397880554e-03
-7.119687274098396301e-03
-1.124856434762477875e-02
-8.624460548162460327e-03
-4.070077091455459595e-03
-1.366056269034743309e-03
1.463354215957224369e-03
1.677919528447091579e-03
-4.797652363777160645e-03
-8.295861072838306427e-03
-5.145900417119264603e-03
-1.100141834467649460e-02
3.816749434918165207e-03
-5.946354940533638000e-03
-5.961874499917030334e-03
1.562929898500442505e-02
7.659078110009431839e-04
-4.902182146906852722e-03
-1.453094533644616604e-03
8.761814795434474945e-03
-1.083563733845949173e-02
1.585730910301208496e-02
-6.526949349790811539e-03
1.975601539015769958e-02
-6.073898170143365860e-03
9.309041313827037811e-03
9.601240977644920349e-03
-1.313012745231389999e-02
2.932622097432613373e-03
1.641214638948440552e-02
1.357255503535270691e-02
1.888220198452472687e-03
1.688247779384255409e-03
-2.654791343957185745e-03
-8.117293938994407654e-03
-6.826224271208047867e-03
-3.042507916688919067e-03
-7.965672761201858521e-03
-4.075665958225727081e-03
-4.645948763936758041e-03
-3.700163448229432106e-03
1.484967418946325779e-03
-4.071256145834922791e-03
3.859377757180482149e-04
-2.993173431605100632e-03
1.465517748147249222e-02
2.884417586028575897e-02
-3.018862567842006683e-03
-4.449261352419853210e-03
1.182449515908956528e-03
6.483789067715406418e-03
2.808836987242102623e-03
5.397371016442775726e-03
-5.515224300324916840e-03
-4.760565701872110367e-03
6.052210461348295212e-03
1.217916794121265411e-02
-7.674281019717454910e-03
2.669984474778175354e-03
-8.543111383914947510e-03
-4.074576310813426971e-03
1.417259569279849529e-03
1.407708600163459778e-02
-4.064229782670736313e-03
2.748350612819194794e-03
-9.176491759717464447e-03
-6.846538744866847992e-03
1.767251454293727875e-02
1.638862490653991699e-02
-3.971017897129058838e-03
3.748767077922821045e-03
1.368236821144819260e-02
3.746260772459208965e-04
1.357887033373117447e-02
2.993894275277853012e-03
-1.221154630184173584e-02
-8.897707797586917877e-03
6.452632136642932892e-03
-2.247730735689401627e-03
-1.566834398545324802e-03
-5.427821073681116104e-03
8.009928278625011444e-03
-4.608134622685611248e-04
-1.220334414392709732e-02
-4.794296808540821075e-03
2.786214463412761688e-03
-7.961750088725239038e-05
-5.143254529684782028e-03
-9.423028677701950073e-03
-2.755344146862626076e-03
3.973062150180339813e-03
-5.645766388624906540e-03
1.219960511662065983e-03
5.091229919344186783e-03
4.604007583111524582e-03
-9.843355976045131683e-03
-6.702439393848180771e-03
5.060532130300998688e-03
-4.075535107403993607e-03
-1.299728523008525372e-03
-6.105380598455667496e-03
-8.504444267600774765e-04
1.134945824742317200e-02
7.101854134816676378e-05
-6.487152073532342911e-03
7.577511016279459000e-03
-9.051395580172538757e-03
-5.793163087218999863e-03
1.478438731282949448e-02
-1.085363328456878662e-02
-8.568452671170234680e-03
2.677675709128379822e-02
-2.617130987346172333e-03
3.711051773279905319e-03
7.870714180171489716e-03
-4.176761489361524582e-03
1.323504955507814884e-03
1.406890526413917542e-02
-4.824102390557527542e-03
9.572163224220275879e-03
4.010962322354316711e-03
-4.796797409653663635e-03
-1.240339875221252441e-02
-3.475700737908482552e-03
6.350918672978878021e-03
-1.214260817505419254e-03
1.996831269934773445e-03
-1.654410967603325844e-03
1.110426988452672958e-02
2.410231158137321472e-02
1.335802394896745682e-02
-1.134521048516035080e-02
-4.079994279891252518e-03
-3.060830989852547646e-03
-1.905397977679967880e-03
-3.255416871979832649e-03
-8.009101264178752899e-03
-6.453662645071744919e-03
-6.477253045886754990e-03
1.328725554049015045e-02
-1.196570321917533875e-02
-4.882846027612686157e-03
6.362230051308870316e-03
-8.692563278600573540e-04
-8.524693548679351807e-03
-5.816269200295209885e-03
2.807993255555629730e-02
-4.993289243429899216e-03
-5.225746892392635345e-03
7.816148572601377964e-04
-5.684002302587032318e-03
-4.078516270965337753e-03
2.203247137367725372e-02
-4.165751393884420395e-03
2.470696577802300453e-03
9.835027158260345459e-03
1.458530966192483902e-02
-4.086589440703392029e-03
1.950104604475200176e-03
1.922163355629891157e-04
1.370445825159549713e-02
8.592415601015090942e-03
-1.893908600322902203e-03
9.999363683164119720e-04
-7.791043259203433990e-03
7.624211721122264862e-04
-5.961734335869550705e-03
-1.304760668426752090e-02
6.306998431682586670e-03
-4.042114596813917160e-03
-5.086295423097908497e-04
1.336106937378644943e-02
8.318510837852954865e-03
-1.057813689112663269e-02
8.291082456707954407e-03
-2.706013154238462448e-03
-5.910334177315235138e-03
-6.104364991188049316e-03
4.265881725586950779e-04
-2.754454733803868294e-03
-8.040816173888742924e-04
-5.648514255881309509e-03
-2.151505555957555771e-03
2.275609970092773438e-02
-1.721552386879920959e-02
-6.092003546655178070e-03
3.019182011485099792e-03
-4.076567012816667557e-03
-2.631289185956120491e-03
-1.019940804690122604e-02
1.145929563790559769e-02
-3.988668788224458694e-03
5.275571718811988831e-03
-5.302564240992069244e-03
-4.082160070538520813e-03
-4.077163990586996078e-03
7.243814412504434586e-03
-6.059151142835617065e-03
-7.924637757241725922e-03
-3.371208673343062401e-03
2.581254811957478523e-03
-8.259952068328857422e-03
1.581313647329807281e-02
-2.513890154659748077e-03
2.082167193293571472e-03
1.142072840593755245e-03
-1.905271201394498348e-03
-8.179682306945323944e-03
-1.229254156351089478e-02
5.867129191756248474e-03
-6.212439388036727905e-03
-7.301833946257829666e-03
5.439333617687225342e-03
-9.045179001986980438e-03
-4.424706101417541504e-03
9.497505612671375275e-03
-2.798234112560749054e-03
-4.363341256976127625e-03
-1.071865670382976532e-02
-7.918205112218856812e-03
-4.994013812392950058e-03
-4.689273424446582794e-03
-4.203455056995153427e-03
-1.503866817802190781e-02
9.811011143028736115e-03
-4.286093637347221375e-03
9.165883064270019531e-03
1.550523471087217331e-02
4.575655609369277954e-02
-2.873980440199375153e-03
-3.476604120805859566e-03
8.755128830671310425e-03
4.638182930648326874e-03
-4.603537730872631073e-03
-1.477616373449563980e-03
-1.010729093104600906e-02
1.264819409698247910e-02
-4.335808102041482925e-03
-3.429587814025580883e-04
-5.576406605541706085e-03
-3.492285904940217733e-04
-3.397126216441392899e-03
3.377170488238334656e-02
-4.087003413587808609e-03
-6.457280367612838745e-03
-6.672214251011610031e-03
2.386450534686446190e-03
1.438002660870552063e-02
-6.065279711037874222e-03
-4.868752788752317429e-03
1.291995774954557419e-02
-1.277179550379514694e-02
-4.800032766070216894e-04
-2.825423376634716988e-03
-3.380625974386930466e-03
-4.503125790506601334e-03
-8.087183348834514618e-03
-5.883118137717247009e-03
-6.409439723938703537e-03
-6.097238976508378983e-03
3.735718782991170883e-03
5.090972408652305603e-03
-9.997228160500526428e-03
-1.899905735626816750e-03
9.873195551335811615e-03
-5.032471846789121628e-03
-4.081654362380504608e-03
-7.961026392877101898e-03
8.551700040698051453e-03
2.397814765572547913e-03
-7.578310556709766388e-03
-3.948396537452936172e-03
-5.967457778751850128e-03
-6.696673808619379997e-04
1.748896902427077293e-03
-3.373897168785333633e-03
-2.991832327097654343e-03
-4.789218306541442871e-03
-1.478578615933656693e-02
5.465532885864377022e-04
-2.966867294162511826e-03
1.465598214417695999e-02
-4.636683035641908646e-03
-2.975154668092727661e-03
3.673613537102937698e-03
3.824174869805574417e-03
1.751297619193792343e-03
9.465405717492103577e-03
7.476567756384611130e-03
-4.071245901286602020e-03
-3.459732746705412865e-03
5.580268334597349167e-04
8.351873606443405151e-03
1.909499801695346832e-02
-2.390078967437148094e-03
1.273430301807820797e-03
1.675944030284881592e-02
-7.786571979522705078e-03
-7.703060284256935120e-03
5.619595758616924286e-03
6.861271802335977554e-03
7.051641587167978287e-03
-3.252219408750534058e-03
7.209292147308588028e-03
7.683787960559129715e-03
5.130096338689327240e-03
-8.196592330932617188e-03
9.502485394477844238e-03
1.339750550687313080e-02
-8.535049855709075928e-03
1.751133357174694538e-03
-9.890678338706493378e-03
-1.854746835306286812e-03
4.867585957981646061e-04
-4.078703932464122772e-03
-1.660262607038021088e-02
1.534386421553790569e-03
-6.652804440818727016e-04
1.195417344570159912e-02
1.776954391971230507e-03
-6.744786631315946579e-03
-3.186837537214159966e-03
-7.505096960812807083e-03
4.113762639462947845e-03
3.397819353267550468e-03
1.636233925819396973e-02
1.786453649401664734e-02
1.065705064684152603e-02
4.033445380628108978e-03
1.668650656938552856e-02
4.789251834154129028e-03
-5.175761412829160690e-03
5.416217260062694550e-03
-4.585480783134698868e-03
-9.844324551522731781e-03
-1.554990769363939762e-03
-7.235920988023281097e-03
4.963650833815336227e-03
-1.231233309954404831e-02
-2.828127238899469376e-03
-8.160429075360298157e-03
4.251457750797271729e-02
8.840729482471942902e-03
-7.908152416348457336e-03
4.791280662175267935e-04
6.981907412409782410e-03
3.973586857318878174e-02
-5.850202869623899460e-03
-5.919475108385086060e-03
-9.473836980760097504e-03
-4.065286368131637573e-03
2.853782149031758308e-03
2.155840396881103516e-02
-1.358671579509973526e-02
-9.882581420242786407e-03
-1.050083898007869720e-02
-3.463964909315109253e-03
-2.293502679094672203e-03
4.654415883123874664e-03
1.072536222636699677e-02
-1.228287816047668457e-02
4.635914694517850876e-03
4.371018614619970322e-03
-7.638662122189998627e-03
1.109474222175776958e-03
1.547179650515317917e-03
-8.427773602306842804e-03
-4.065603949129581451e-03
1.278665848076343536e-03
-1.130178477615118027e-02
2.301214262843132019e-03
-3.932729363441467285e-03
-1.579029299318790436e-02
1.221031509339809418e-02
8.684717118740081787e-03
-4.514290776569396257e-04
8.804982528090476990e-03
1.770672271959483624e-03
-7.116589695215225220e-03
-8.835210464894771576e-03
-4.073588643223047256e-03
-1.871225074864923954e-03
-8.612056262791156769e-03
1.038391236215829849e-02
8.975028991699218750e-03
-9.578630328178405762e-03
-4.067394416779279709e-03
1.053871004842221737e-03
-8.200976066291332245e-03
-4.079115111380815506e-03
6.023692898452281952e-03
-4.162099678069353104e-03
2.578012086451053619e-02
-4.303750116378068924e-03
-1.323628611862659454e-02
4.833689890801906586e-03
-8.093814365565776825e-03
-5.143107846379280090e-03
-1.072951406240463257e-02
-8.534827269613742828e-03
-3.062490373849868774e-03
-8.441871963441371918e-03
-8.069954812526702881e-03
1.258239615708589554e-03
-7.234452059492468834e-04
-1.921243616379797459e-03
5.863883998245000839e-03
-1.016872748732566833e-02
-4.076142795383930206e-03
-3.908057115040719509e-04
8.579446002840995789e-03
5.744153168052434921e-03
