1.361737726256251335e-03
3.418901003897190094e-03
1.193392206914722919e-03
-4.131618188694119453e-04
3.303697158116847277e-04
-3.284536942373961210e-04
1.965559931704774499e-04
-2.895334269851446152e-03
-8.001043461263179779e-04
1.317027374170720577e-03
2.227997756563127041e-04
8.816795889288187027e-04
-8.856970089254900813e-05
4.891720018349587917e-04
5.656717112287878990e-04
7.237655809149146080e-04
-2.013968623941764235e-04
2.622836618684232235e-04
-3.547292435541749001e-04
1.229511224664747715e-03
2.296750899404287338e-04
1.159995677880942822e-03
2.555274986661970615e-04
7.316390983760356903e-03
1.334394793957471848e-03
3.514373383950442076e-04
2.264672075398266315e-04
2.085876883938908577e-03
-5.750115960836410522e-03
-8.136813528835773468e-03
-1.343695679679512978e-03
-6.610527052544057369e-04
4.336357815191149712e-04
-6.466072518378496170e-04
1.085216877982020378e-03
5.138638080097734928e-04
1.046141027472913265e-03
1.260717632248997688e-03
3.511936811264604330e-04
1.363292220048606396e-03
9.659085189923644066e-04
1.023586723022162914e-03
3.033226821571588516e-04
1.364518539048731327e-03
2.147469931514933705e-04
8.124047308228909969e-04
-1.535403309389948845e-03
7.402588380500674248e-04
7.300786674022674561e-04
6.054569967091083527e-04
3.348364843986928463e-04
1.145648770034313202e-03
7.952917949296534061e-04
1.600121380761265755e-03
4.298339132219552994e-03
1.179307117126882076e-03
-1.223166036652401090e-04
9.773717029020190239e-04
1.183328917250037193e-03
9.438780834898352623e-04
7.075335015542805195e-04
-2.208949590567499399e-04
2.063303982140496373e-04
2.986912440974265337e-04
9.744156152009963989e-03
9.033966809511184692e-03
9.960153140127658844e-03
8.882198482751846313e-03
8.019828237593173981e-03
8.953782729804515839e-03
9.555892087519168854e-03
1.060632802546024323e-02
8.636544458568096161e-03
7.077059708535671234e-03
8.517225272953510284e-03
-9.450831450521945953e-03
8.950496092438697815e-03
9.691213257610797882e-03
9.627560153603553772e-03
1.009341701865196228e-02
9.691121987998485565e-03
8.252038620412349701e-03
8.952909149229526520e-03
9.295108728110790253e-03
9.695528075098991394e-03
8.714179508388042450e-03
-9.030803106725215912e-03
1.015046797692775726e-02
1.049225963652133942e-02
9.132602252066135406e-03
9.573701769113540649e-03
8.663692511618137360e-03
9.329468011856079102e-03
-1.017130352556705475e-02
9.524774737656116486e-03
7.145350333303213120e-03
1.083658356219530106e-02
9.149917401373386383e-03
1.012245938181877136e-02
8.711654692888259888e-03
1.008739322423934937e-02
9.084789082407951355e-03
9.534425102174282074e-03
8.961117826402187347e-03
9.667359292507171631e-03
9.510854259133338928e-03
-9.125958196818828583e-03
8.831017650663852692e-03
9.138965979218482971e-03
1.037581171840429306e-02
8.499486371874809265e-03
1.017138455063104630e-02
-9.228028357028961182e-03
9.617691859602928162e-03
7.673180196434259415e-03
8.676134981215000153e-03
9.628509171307086945e-03
9.416402317583560944e-03
9.742915630340576172e-03
1.010575983673334122e-02
7.513150107115507126e-03
8.612262085080146790e-03
9.003289975225925446e-03
8.650870993733406067e-03
8.797142654657363892e-03
8.981149643659591675e-03
9.680454619228839874e-03
9.446739219129085541e-03
