2.563596330583095551e-02
4.818026721477508545e-02
4.820995777845382690e-02
-2.165461033582687378e-01
2.647913433611392975e-02
-1.000046432018280029e-01
8.216945827007293701e-02
-1.318313181400299072e-01
8.797779679298400879e-02
-4.027840495109558105e-02
-1.966293901205062866e-02
6.163471192121505737e-02
-1.274447292089462280e-01
-6.236233189702033997e-02
7.532867044210433960e-02
-6.917239725589752197e-02
4.017867445945739746e-01
-1.736340075731277466e-01
1.865961700677871704e-01
2.165720760822296143e-01
1.328847836703062057e-02
-1.118748784065246582e-01
3.989555239677429199e-01
2.018741071224212646e-01
-5.752284824848175049e-02
-2.218923717737197876e-01
-7.621870934963226318e-02
-1.217623054981231689e-01
1.967275887727737427e-01
-2.757818996906280518e-02
1.904345452785491943e-01
7.409074902534484863e-02
-1.705601960420608521e-01
-7.989618182182312012e-02
-5.991093814373016357e-02
-9.536403417587280273e-02
-1.721637248992919922e-01
5.346485972404479980e-02
-1.210310608148574829e-01
5.660003423690795898e-02
3.156165480613708496e-01
-4.834311455488204956e-02
3.569097816944122314e-02
1.754993051290512085e-01
5.120035260915756226e-02
-8.405193686485290527e-03
-9.668210987001657486e-04
-1.743154078722000122e-01
4.324308410286903381e-02
-4.196060448884963989e-02
2.022260278463363647e-01
-8.583048358559608459e-03
5.627640336751937866e-02
1.368372440338134766e-01
2.151969522237777710e-01
1.391955930739641190e-02
8.173274993896484375e-02
4.274745881557464600e-01
-2.783142402768135071e-02
-4.932291060686111450e-02
4.367656074464321136e-03
1.313904672861099243e-01
1.848603636026382446e-01
-1.587556675076484680e-02
1.390310674905776978e-01
1.189459413290023804e-01
6.943368911743164062e-02
1.956599764525890350e-02
-4.602342844009399414e-02
8.355409651994705200e-02
2.127343863248825073e-01
2.277258485555648804e-01
1.055169850587844849e-01
1.593681722879409790e-01
5.342533439397811890e-02
-2.172508090734481812e-02
3.811927735805511475e-01
1.009190082550048828e-01
5.641084909439086914e-02
1.580874770879745483e-01
1.956852078437805176e-01
1.305045932531356812e-01
8.031876385211944580e-02
3.113971948623657227e-01
2.374279797077178955e-01
1.170525178313255310e-01
2.270398885011672974e-01
1.700403243303298950e-01
2.371264994144439697e-02
1.417182981967926025e-01
2.037669420242309570e-01
-1.950438767671585083e-01
9.779051691293716431e-02
3.350913524627685547e-02
9.510844945907592773e-02
-1.193015724420547485e-01
-6.854169070720672607e-02
-1.040017306804656982e-01
-3.505637347698211670e-01
3.060619533061981201e-01
2.064628154039382935e-01
8.646945655345916748e-02
5.126449093222618103e-02
9.501583874225616455e-02
2.461063712835311890e-01
-2.459519803524017334e-01
-2.176996171474456787e-01
3.876194357872009277e-02
-1.515306979417800903e-01
4.857233166694641113e-02
1.907839924097061157e-01
-5.573175847530364990e-02
-6.224594637751579285e-02
1.652642190456390381e-01
2.558612227439880371e-01
2.273000925779342651e-01
-1.915099471807479858e-01
2.357095852494239807e-02
-9.642286598682403564e-02
-5.052873492240905762e-02
1.315733194351196289e-01
4.398150146007537842e-01
2.125236243009567261e-01
1.898724287748336792e-01
-5.807484500110149384e-03
1.251292228698730469e-01
1.958245784044265747e-01
1.658629328012466431e-01
