4.121051430702209473e-01
2.513771057128906250e-01
-5.486341193318367004e-03
-7.524335291236639023e-03
-6.369532644748687744e-02
4.113055020570755005e-02
3.064169883728027344e-01
1.354812383651733398e-01
1.090074181556701660e-01
-3.389919642359018326e-03
8.722886443138122559e-02
1.945273391902446747e-02
1.846929192543029785e-01
-1.068526655435562134e-01
2.451140731573104858e-01
4.887682497501373291e-01
3.234060704708099365e-01
8.482384681701660156e-02
9.416149556636810303e-02
4.418584704399108887e-01
1.089883744716644287e-01
-2.222278416156768799e-01
7.514855265617370605e-02
4.027203917503356934e-01
2.012900412082672119e-01
3.010544751305133104e-04
4.026861488819122314e-01
-2.407923527061939240e-02
2.937227189540863037e-01
2.633634209632873535e-01
2.551714777946472168e-01
-7.522028684616088867e-02
1.208092719316482544e-01
1.295214891433715820e-01
5.487733054906129837e-03
1.335069835186004639e-01
3.809136152267456055e-01
3.313334286212921143e-01
7.650858163833618164e-02
2.441269718110561371e-02
1.297960523515939713e-02
1.017784625291824341e-01
1.883938349783420563e-02
1.611132025718688965e-01
2.286559343338012695e-02
1.567241549491882324e-01
-6.887888163328170776e-02
3.635286092758178711e-01
1.699055135250091553e-01
2.134505212306976318e-01
-2.775608096271753311e-03
2.625616192817687988e-01
6.238422915339469910e-02
4.075184762477874756e-01
2.716563344001770020e-01
3.456363677978515625e-01
2.523986995220184326e-01
2.249779254198074341e-01
-3.455846384167671204e-02
1.308947149664163589e-02
6.724969297647476196e-02
2.027653604745864868e-01
8.703532814979553223e-02
1.974396109580993652e-01
3.354699015617370605e-01
1.679140925407409668e-01
3.343549668788909912e-01
1.563940793275833130e-01
1.752175539731979370e-01
1.750968694686889648e-01
1.077215671539306641e-01
3.459884226322174072e-01
1.752033084630966187e-01
2.389790415763854980e-01
3.436396121978759766e-01
2.679591476917266846e-01
-1.783038824796676636e-01
1.574293673038482666e-01
2.074441909790039062e-01
-1.063151732087135315e-01
2.777447700500488281e-01
2.627677023410797119e-01
1.057716608047485352e-01
1.828417778015136719e-01
-7.288052141666412354e-02
2.138052135705947876e-01
3.623799383640289307e-01
2.674230039119720459e-01
5.160314962267875671e-02
-7.725040614604949951e-02
4.363964796066284180e-01
2.388469874858856201e-01
1.618390679359436035e-01
1.849851310253143311e-01
2.912380397319793701e-01
2.108553647994995117e-01
1.210602521896362305e-01
3.106644749641418457e-01
-4.298181831836700439e-02
2.196822166442871094e-01
2.272474765777587891e-01
1.241054832935333252e-01
4.526139795780181885e-01
-7.269035559147596359e-03
6.510554254055023193e-02
1.936715096235275269e-01
8.483438193798065186e-02
3.041273951530456543e-01
2.254783362150192261e-01
1.972491145133972168e-01
3.956806659698486328e-01
-1.413120143115520477e-02
3.574004769325256348e-01
1.926715075969696045e-01
3.954920545220375061e-02
-3.631391003727912903e-02
2.140429615974426270e-01
-2.550991252064704895e-02
6.784421205520629883e-02
-1.436988115310668945e-01
2.026125043630599976e-01
4.214928746223449707e-01
3.343152999877929688e-01
-5.276319384574890137e-02
3.406425416469573975e-01
5.552283674478530884e-02
-1.707604527473449707e-01
1.977544873952865601e-01
