9.215054661035537720e-02
9.209524095058441162e-02
2.863892018795013428e-01
2.489545941352844238e-01
8.902949839830398560e-02
-3.018212690949440002e-02
-3.962548449635505676e-02
-2.437599748373031616e-01
2.135792225599288940e-01
1.143677011132240295e-01
1.790048629045486450e-01
-6.207033991813659668e-02
2.122086286544799805e-01
6.429987028241157532e-03
1.401282846927642822e-01
-1.111263036727905273e-01
1.602497845888137817e-01
1.098589375615119934e-01
1.649631708860397339e-01
-2.321342229843139648e-01
-2.888110838830471039e-02
7.739241421222686768e-02
-2.102092802524566650e-01
1.709005832672119141e-01
1.002587229013442993e-01
-1.012664381414651871e-02
-2.696394026279449463e-01
1.068008244037628174e-01
1.554367244243621826e-01
1.607871502637863159e-01
1.384596526622772217e-01
6.444643437862396240e-02
1.879469603300094604e-01
1.128824278712272644e-01
4.146925508975982666e-01
-6.224722042679786682e-02
1.171574965119361877e-01
-9.568650275468826294e-02
2.438604459166526794e-02
-1.397889554500579834e-01
1.249764114618301392e-01
-5.583052057772874832e-03
1.630337685346603394e-01
-1.721899211406707764e-01
-2.666116878390312195e-02
5.444532260298728943e-02
1.941519975662231445e-01
2.126977051375433803e-04
2.270026206970214844e-01
-8.546064049005508423e-02
-2.850064635276794434e-01
7.869669236242771149e-03
1.598521918058395386e-01
-4.690984636545181274e-02
-8.531644940376281738e-02
-2.781513035297393799e-01
2.667263150215148926e-01
1.947118341922760010e-01
-1.485013961791992188e-01
-3.017445653676986694e-02
8.798363804817199707e-02
1.645980775356292725e-02
7.151376456022262573e-02
1.204737871885299683e-01
-2.007738947868347168e-01
-6.815898418426513672e-02
8.524394780397415161e-02
-1.237327009439468384e-01
1.544893682003021240e-01
3.937992751598358154e-01
-6.555325537919998169e-02
1.508138924837112427e-01
3.685205578804016113e-01
8.263671398162841797e-02
9.518540650606155396e-02
3.386916220188140869e-01
8.326833695173263550e-02
2.019061744213104248e-01
1.254828721284866333e-01
1.521317511796951294e-01
2.235876163467764854e-03
2.085335254669189453e-01
7.044380903244018555e-02
2.532489895820617676e-01
3.409802913665771484e-02
1.208727881312370300e-01
-9.133511036634445190e-02
-4.292144998908042908e-02
-7.514797151088714600e-02
-1.849843561649322510e-01
2.076047956943511963e-01
-5.239897593855857849e-02
1.478821933269500732e-01
3.437587320804595947e-01
8.140668272972106934e-02
1.906238682568073273e-02
7.033929973840713501e-02
1.141138151288032532e-01
2.300061285495758057e-01
3.447389900684356689e-01
2.396838515996932983e-01
2.877836227416992188e-01
1.501711755990982056e-01
2.291868031024932861e-01
7.126126438379287720e-02
3.345608711242675781e-01
-8.215636946260929108e-03
2.205253988504409790e-01
1.664030402898788452e-01
2.603297531604766846e-01
2.411565482616424561e-01
2.269700020551681519e-01
-8.792513608932495117e-02
2.420136481523513794e-01
-1.184156257659196854e-02
5.356829613447189331e-02
1.074380055069923401e-01
3.230876848101615906e-02
2.628453671932220459e-01
-6.568344682455062866e-02
2.446915656328201294e-01
2.400644570589065552e-01
-1.912905871868133545e-01
2.217501997947692871e-01
5.404770001769065857e-02
8.802067488431930542e-02
2.180223017930984497e-01
-4.189012572169303894e-03
1.510437279939651489e-01
3.370487689971923828e-01
3.401669561862945557e-01
7.093583047389984131e-02
2.879408001899719238e-01
-7.475367188453674316e-02
-1.424961239099502563e-01
1.699578016996383667e-01
3.840428590774536133e-01
8.351426571607589722e-02
1.776371747255325317e-01
3.148338943719863892e-02
2.478538155555725098e-01
2.328966706991195679e-01
1.843204498291015625e-01
4.452483728528022766e-02
6.157754734158515930e-02
5.213743541389703751e-03
3.757889270782470703e-01
4.092218354344367981e-02
2.161998003721237183e-01
1.454496681690216064e-01
2.253025174140930176e-01
1.080393195152282715e-01
-3.176718577742576599e-02
2.311374247074127197e-02
2.000013738870620728e-01
-1.488507073372602463e-02
-7.312357425689697266e-02
2.707899510860443115e-01
2.124118804931640625e-01
-1.128171831369400024e-01
-1.597723923623561859e-02
1.716179996728897095e-01
2.165427953004837036e-01
4.614873230457305908e-02
2.483684569597244263e-01
8.095578849315643311e-02
-4.162672162055969238e-02
1.438216120004653931e-01
3.910692036151885986e-01
2.117707133293151855e-01
2.470681369304656982e-01
7.442927360534667969e-02
-1.007328331470489502e-01
2.574169039726257324e-01
2.560863196849822998e-01
5.860052630305290222e-02
7.951460778713226318e-03
7.286170870065689087e-02
2.045805305242538452e-01
1.002205628901720047e-02
1.820891946554183960e-01
-1.034037843346595764e-01
2.517335414886474609e-01
4.391153156757354736e-01
2.796467244625091553e-01
5.478566884994506836e-01
3.935058116912841797e-01
-3.133067786693572998e-01
2.254613935947418213e-01
1.877474635839462280e-01
1.067552641034126282e-01
-9.269981086254119873e-02
1.092995181679725647e-01
4.515732228755950928e-01
4.291604831814765930e-02
3.576423972845077515e-02
2.980381250381469727e-01
-6.178114190697669983e-02
1.790187805891036987e-01
8.618719130754470825e-02
2.853827774524688721e-01
3.257673084735870361e-01
-7.723248004913330078e-02
4.863205179572105408e-02
9.993968904018402100e-02
1.911853849887847900e-01
1.944631338119506836e-01
2.837894260883331299e-01
-7.201831322163343430e-03
-1.447126716375350952e-01
9.794954210519790649e-02
2.399502545595169067e-01
3.345421850681304932e-01
3.017932362854480743e-02
2.334888279438018799e-01
-1.387695670127868652e-01
2.050655484199523926e-01
2.569189667701721191e-01
2.510203123092651367e-01
2.111008465290069580e-01
-2.220348715782165527e-01
2.056459337472915649e-01
2.506936788558959961e-01
1.329255700111389160e-01
2.807997167110443115e-01
2.134363353252410889e-01
3.449536487460136414e-02
1.472356319427490234e-01
2.865327298641204834e-01
1.220816150307655334e-01
3.404605984687805176e-01
9.607981890439987183e-02
1.719100922346115112e-01
2.671008110046386719e-01
2.153961956501007080e-01
-1.306603010743856430e-02
2.025174908339977264e-03
-3.922522533684968948e-03
-7.851098664104938507e-03
1.380793470889329910e-02
6.879489123821258545e-02
1.532882601022720337e-01
1.630697548389434814e-01
1.426170617341995239e-01
2.334454059600830078e-01
1.427604556083679199e-01
3.210842981934547424e-02
2.076203562319278717e-02
2.561771273612976074e-01
9.549736976623535156e-02
4.226310923695564270e-02
-3.614912927150726318e-02
1.231209486722946167e-01
-1.291601359844207764e-01
1.672969460487365723e-01
2.418199926614761353e-01
1.566042006015777588e-01
-4.754696786403656006e-02
-2.118944227695465088e-01
8.286039531230926514e-02
3.637602925300598145e-02
-1.365844458341598511e-01
3.098292648792266846e-01
2.774987816810607910e-01
4.654482752084732056e-02
2.940770387649536133e-01
2.969631850719451904e-01
-1.045793667435646057e-02
3.838632404804229736e-01
2.321978062391281128e-01
3.115926384925842285e-01
-5.888687819242477417e-02
-3.457267954945564270e-02
-2.596025168895721436e-02
2.613420784473419189e-01
3.529964387416839600e-01
3.235596716403961182e-01
-2.580131031572818756e-02
4.294948875904083252e-01
4.157442227005958557e-02
2.269269675016403198e-01
1.484273523092269897e-01
1.530963182449340820e-01
1.051072627305984497e-01
7.607842236757278442e-02
-6.198355183005332947e-02
-5.595365911722183228e-02
3.486342132091522217e-01
1.922255605459213257e-01
3.027303814888000488e-01
2.547938525676727295e-01
2.649119794368743896e-01
2.596146762371063232e-01
2.010859102010726929e-01
1.170209273695945740e-01
2.817858709022402763e-03
4.472663626074790955e-02
3.423438966274261475e-01
1.324386298656463623e-01
1.784538477659225464e-01
8.838443458080291748e-02
2.143243551254272461e-01
1.010067984461784363e-01
-1.867150887846946716e-02
1.781047582626342773e-01
1.560160368680953979e-01
2.480510771274566650e-01
7.642536610364913940e-02
7.715322822332382202e-02
4.642369598150253296e-02
1.887264549732208252e-01
1.520637869834899902e-01
7.487495988607406616e-02
3.860408365726470947e-01
1.557510644197463989e-01
2.630022764205932617e-01
3.735641390085220337e-02
2.518227696418762207e-01
2.542922794818878174e-01
1.424156278371810913e-01
2.154754288494586945e-02
5.143668502569198608e-02
1.289142221212387085e-01
2.055894285440444946e-01
3.261505961418151855e-01
9.826027601957321167e-02
2.538940608501434326e-01
-1.400120109319686890e-01
1.574341021478176117e-02
1.365287750959396362e-01
1.240995004773139954e-01
2.104674279689788818e-01
4.947115778923034668e-01
2.113500237464904785e-01
1.774178743362426758e-01
-4.617888107895851135e-02
3.509711474180221558e-02
1.838483363389968872e-01
4.837126433849334717e-01
1.221438199281692505e-01
1.384978648275136948e-02
4.074648767709732056e-02
3.679098561406135559e-03
1.610529124736785889e-01
-1.525680124759674072e-01
1.601579636335372925e-01
1.990630328655242920e-01
3.297697901725769043e-01
8.857084810733795166e-02
1.368758231401443481e-01
1.961390525102615356e-01
-4.368956014513969421e-02
-7.812089473009109497e-02
-1.433026790618896484e-01
5.054584890604019165e-02
1.691774725914001465e-01
4.088430106639862061e-01
1.822839118540287018e-02
1.493488997220993042e-01
1.307922899723052979e-01
1.566099971532821655e-01
-1.365358531475067139e-01
1.727818548679351807e-01
2.379687726497650146e-01
4.276651144027709961e-01
1.187189072370529175e-01
4.365372061729431152e-01
3.214954733848571777e-01
2.200954705476760864e-01
2.537178099155426025e-01
2.873460352420806885e-01
7.209800928831100464e-02
2.997217774391174316e-01
-4.354277998208999634e-02
1.030525192618370056e-01
-5.625177919864654541e-02
-2.173891663551330566e-02
1.855062842369079590e-01
2.798864245414733887e-01
-9.301184117794036865e-02
2.064370512962341309e-01
3.103390038013458252e-01
3.375848233699798584e-01
2.923792004585266113e-01
1.783137172460556030e-01
2.150869965553283691e-01
1.965807825326919556e-01
3.233834803104400635e-01
2.734877765178680420e-01
2.442408502101898193e-01
1.780535429716110229e-01
2.370022982358932495e-01
1.362063586711883545e-01
1.565106958150863647e-01
1.596118509769439697e-01
2.682133913040161133e-01
3.237191140651702881e-01
3.368741571903228760e-01
3.398966193199157715e-01
2.818433940410614014e-01
3.188474774360656738e-01
2.264729142189025879e-01
1.005941107869148254e-01
2.386746555566787720e-01
8.275413513183593750e-02
1.213106587529182434e-01
2.676411569118499756e-01
4.300185441970825195e-01
1.904141008853912354e-01
4.255459308624267578e-01
2.797432839870452881e-01
2.320684641599655151e-01
3.417912125587463379e-01
-1.356405913829803467e-01
-2.712398953735828400e-02
8.595548570156097412e-02
9.289538115262985229e-02
2.647333741188049316e-01
2.582173645496368408e-01
6.326138228178024292e-02
3.449862897396087646e-01
2.293280214071273804e-01
1.884723752737045288e-01
2.380670607089996338e-01
4.125919044017791748e-01
4.777075648307800293e-01
2.076918780803680420e-01
2.444529905915260315e-02
-7.596806436777114868e-02
3.101266324520111084e-01
4.395540058612823486e-01
1.729715615510940552e-01
1.181900873780250549e-01
1.439267843961715698e-01
5.171336978673934937e-02
3.707182705402374268e-01
4.911067485809326172e-01
1.332826763391494751e-01
3.064354509115219116e-02
2.601265311241149902e-01
9.315519034862518311e-02
9.665306657552719116e-02
2.830588817596435547e-01
3.442914485931396484e-01
1.257794350385665894e-01
-1.267679594457149506e-02
2.542105019092559814e-01
4.538219869136810303e-01
1.957377046346664429e-02
1.593659669160842896e-01
1.885135471820831299e-01
1.553998887538909912e-01
1.987301409244537354e-01
2.665699720382690430e-01
6.588756293058395386e-02
2.261914014816284180e-01
1.050064489245414734e-01
1.617415845394134521e-01
3.687933683395385742e-01
2.316260524094104767e-02
3.019901178777217865e-02
6.429117172956466675e-02
2.106225341558456421e-01
2.081468999385833740e-01
2.671283781528472900e-01
2.336259633302688599e-01
9.709865599870681763e-02
3.027683496475219727e-01
-7.726762909442186356e-03
3.663794100284576416e-01
2.730446457862854004e-01
1.497571915388107300e-01
2.507267296314239502e-01
1.615132838487625122e-01
3.117577135562896729e-01
2.230256199836730957e-01
-1.085152253508567810e-01
1.264499574899673462e-01
-5.936889722943305969e-02
5.123827978968620300e-02
2.460211664438247681e-01
5.104480981826782227e-01
2.100105434656143188e-01
6.115299835801124573e-02
2.074170559644699097e-01
4.074921309947967529e-01
2.266420125961303711e-01
8.338861167430877686e-03
4.207213595509529114e-02
-1.073805615305900574e-01
2.695791721343994141e-01
2.744626812636852264e-02
1.679063588380813599e-01
-6.600943952798843384e-02
-1.317291408777236938e-01
-5.696607381105422974e-02
4.425991177558898926e-01
-6.637807935476303101e-02
1.334420889616012573e-01
5.644419044256210327e-02
1.677992939949035645e-01
-1.139251068234443665e-01
7.007460296154022217e-02
3.676273524761199951e-01
1.594249755144119263e-01
2.554236054420471191e-01
1.133952662348747253e-01
2.681160569190979004e-01
4.253123328089714050e-02
3.320388495922088623e-01
2.131966501474380493e-01
8.232308924198150635e-02
3.320192173123359680e-02
4.222837984561920166e-01
3.199904263019561768e-01
3.012945950031280518e-01
3.342977492138743401e-03
-1.696154102683067322e-02
-4.142824187874794006e-02
1.987845152616500854e-01
2.055773586034774780e-01
6.441197544336318970e-02
1.234681829810142517e-01
9.187936037778854370e-02
1.235880255699157715e-01
1.837563216686248779e-01
1.437179371714591980e-02
3.399665057659149170e-01
1.382967084646224976e-01
3.378459215164184570e-01
2.555220723152160645e-01
5.871811509132385254e-02
-1.632456779479980469e-01
2.517781779170036316e-02
3.302897214889526367e-01
-1.623091846704483032e-02
1.646219193935394287e-01
2.266923338174819946e-01
1.334721893072128296e-01
5.957664176821708679e-02
1.793261617422103882e-01
3.113269209861755371e-01
4.943753778934478760e-02
2.099725902080535889e-01
1.056153923273086548e-01
1.118151843547821045e-01
-8.564760535955429077e-02
5.084945634007453918e-02
1.513479351997375488e-01
7.444452494382858276e-03
3.567449152469635010e-01
2.657280564308166504e-01
9.784197062253952026e-02
3.198078274726867676e-01
2.068192213773727417e-01
-1.198212280869483948e-01
1.956942826509475708e-01
2.358686625957489014e-01
2.365400344133377075e-01
2.680532038211822510e-01
5.749130621552467346e-02
1.669715791940689087e-01
7.534564286470413208e-02
3.149318993091583252e-01
2.204962074756622314e-01
1.354409605264663696e-01
1.861298084259033203e-01
1.638593375682830811e-01
2.317621186375617981e-02
1.938395500183105469e-01
1.536771208047866821e-01
8.800340443849563599e-02
8.528116345405578613e-02
1.882321685552597046e-01
1.410520635545253754e-02
9.021367877721786499e-02
-6.677234545350074768e-03
3.939921781420707703e-02
2.387479096651077271e-01
3.337987884879112244e-02
3.048537373542785645e-01
2.472036480903625488e-01
1.109485998749732971e-01
4.044701755046844482e-01
8.081883192062377930e-02
1.567044854164123535e-01
2.493058741092681885e-01
1.826106756925582886e-01
-7.833787798881530762e-02
3.045277893543243408e-01
1.383539848029613495e-02
-1.318290680646896362e-01
4.219231307506561279e-01
2.900769114494323730e-01
3.096207082271575928e-01
1.365826129913330078e-01
4.676520358771085739e-03
2.834408879280090332e-01
3.521951436996459961e-01
2.760950922966003418e-01
1.685340106487274170e-01
1.199356168508529663e-01
2.283462285995483398e-01
1.398376226425170898e-01
2.169181853532791138e-01
1.242995820939540863e-02
3.235445320606231689e-01
4.537621140480041504e-01
2.542819976806640625e-01
9.074505418539047241e-02
-4.156168922781944275e-02
4.095833301544189453e-01
3.778162598609924316e-01
3.541529178619384766e-01
2.096081078052520752e-01
3.028921484947204590e-01
3.289123773574829102e-01
4.013057947158813477e-01
3.189714550971984863e-01
2.072450965642929077e-01
1.879444271326065063e-01
1.936369985342025757e-01
2.260334938764572144e-01
1.779696643352508545e-01
-5.673750489950180054e-02
3.532506152987480164e-02
3.852520883083343506e-01
1.863728612661361694e-01
3.496609330177307129e-01
1.392335295677185059e-01
1.345670670270919800e-01
3.077358603477478027e-01
4.306579232215881348e-01
3.676861897110939026e-02
3.471835255622863770e-01
3.715221583843231201e-01
2.387193292379379272e-01
2.736313641071319580e-01
2.544275522232055664e-01
2.945423722267150879e-01
2.032697051763534546e-01
-3.901033475995063782e-02
2.917542755603790283e-01
-5.664729326963424683e-02
1.213672384619712830e-01
2.255377769470214844e-01
-7.108353823423385620e-02
4.362550377845764160e-01
2.156286388635635376e-01
1.126809716224670410e-01
3.399246335029602051e-01
4.061146974563598633e-01
7.219014316797256470e-02
1.829100698232650757e-01
3.374930471181869507e-02
1.803136914968490601e-01
-1.315863579511642456e-01
1.521120965480804443e-01
-7.469074428081512451e-02
3.810526728630065918e-01
2.650553286075592041e-01
1.649990081787109375e-01
8.623436093330383301e-02
1.952551156282424927e-01
1.441181898117065430e-01
1.047833934426307678e-01
7.552643865346908569e-02
9.180790930986404419e-02
3.507813215255737305e-01
1.944030523300170898e-01
7.571969926357269287e-02
2.201533131301403046e-02
2.448686361312866211e-01
2.316657453775405884e-01
3.217146694660186768e-01
-1.054243966937065125e-01
-6.059552356600761414e-02
2.896723523736000061e-02
-8.556106127798557281e-03
4.182054847478866577e-02
2.566854357719421387e-01
2.255695313215255737e-01
2.949324846267700195e-01
1.115101203322410583e-01
8.819808065891265869e-02
2.037231326103210449e-01
1.307399570941925049e-01
2.509904801845550537e-01
3.291912842541933060e-03
1.989008933305740356e-01
-1.295220553874969482e-01
-8.280145376920700073e-02
9.279523044824600220e-02
2.356770932674407959e-01
2.288602441549301147e-01
2.058210670948028564e-01
-1.508323550224304199e-01
1.725727617740631104e-01
1.388704329729080200e-01
2.123499363660812378e-01
3.074822723865509033e-01
2.333776503801345825e-01
3.404263556003570557e-01
1.947068274021148682e-01
2.039534747600555420e-01
-4.606620967388153076e-02
1.026618182659149170e-01
3.476946949958801270e-01
2.130365967750549316e-01
4.032168388366699219e-01
2.397455573081970215e-01
1.068925261497497559e-01
7.947268337011337280e-02
3.751198053359985352e-01
2.762877643108367920e-01
3.250621259212493896e-01
-3.453208506107330322e-02
9.154942631721496582e-02
2.790289223194122314e-01
3.022636473178863525e-02
-5.140131711959838867e-02
2.620477676391601562e-01
1.152219176292419434e-01
-1.523194834589958191e-02
4.682963192462921143e-01
1.790466904640197754e-01
1.123991683125495911e-01
1.784512549638748169e-01
-1.002468839287757874e-01
5.147039890289306641e-02
2.676295340061187744e-01
2.023468315601348877e-01
3.084959387779235840e-01
3.433060348033905029e-01
1.994300633668899536e-01
-3.989672288298606873e-02
8.170904964208602905e-02
1.090308874845504761e-01
-8.303355425596237183e-03
1.465018391609191895e-01
2.370843440294265747e-01
1.812621578574180603e-02
-2.307173050940036774e-02
-1.690224453341215849e-04
6.804190576076507568e-02
5.731168985366821289e-01
1.829623132944107056e-01
2.775064110755920410e-01
1.587370336055755615e-01
3.577190339565277100e-01
2.689139246940612793e-01
-8.126734197139739990e-02
-1.550901979207992554e-01
3.878557085990905762e-01
1.760363727807998657e-01
-2.367894351482391357e-02
2.611450552940368652e-01
1.228863894939422607e-01
2.639282941818237305e-01
6.469108164310455322e-02
2.508439421653747559e-01
-8.485208451747894287e-02
1.564431041479110718e-01
2.729114890098571777e-01
2.245443910360336304e-01
2.172417193651199341e-02
7.343059778213500977e-02
1.325364708900451660e-01
8.716177940368652344e-02
1.917922347784042358e-01
2.678795456886291504e-01
-5.858445540070533752e-02
-1.211071852594614029e-03
3.997754156589508057e-01
6.852158159017562866e-02
-2.977231442928314209e-01
3.535872697830200195e-01
3.741519153118133545e-01
2.327375113964080811e-02
-5.260680988430976868e-02
1.115659251809120178e-01
3.795031690970063210e-03
3.873753920197486877e-02
4.174828901886940002e-02
1.270228177309036255e-01
4.553417488932609558e-02
2.056406438350677490e-01
3.273095190525054932e-01
2.312920838594436646e-01
-1.897422829642891884e-03
2.910261154174804688e-01
-1.760919578373432159e-02
1.965414136648178101e-01
8.783187717199325562e-02
4.029981493949890137e-01
1.509775221347808838e-02
2.350058220326900482e-02
-7.176652550697326660e-02
2.149839699268341064e-01
2.885481715202331543e-01
3.026451468467712402e-01
9.467415511608123779e-02
1.060099303722381592e-01
3.677442669868469238e-01
4.311546981334686279e-01
5.445011258125305176e-01
2.660550177097320557e-01
4.380041360855102539e-02
3.322584629058837891e-01
8.004411309957504272e-02
1.961019337177276611e-01
1.170698106288909912e-01
7.773662358522415161e-02
2.192623615264892578e-01
7.800958305597305298e-02
1.995029449462890625e-01
1.166035607457160950e-01
-1.366974972188472748e-02
1.297748088836669922e-01
8.590983599424362183e-02
2.056767642498016357e-01
1.474285870790481567e-01
1.545737832784652710e-01
2.186495065689086914e-01
3.021940588951110840e-03
3.620148003101348877e-01
3.261411786079406738e-01
-3.736376762390136719e-02
1.832327060401439667e-02
2.376407235860824585e-01
2.212791144847869873e-01
-1.692379079759120941e-02
2.333335764706134796e-02
2.809804677963256836e-01
1.379562318325042725e-01
-2.720646187663078308e-02
-1.914388500154018402e-02
1.240875869989395142e-01
1.762835979461669922e-01
1.843803375959396362e-01
1.972523480653762817e-01
1.732536852359771729e-01
-1.458114832639694214e-01
5.966171249747276306e-02
-5.482552573084831238e-02
-8.366068825125694275e-03
2.745053470134735107e-01
1.754434704780578613e-01
2.760782837867736816e-01
3.159208893775939941e-01
-9.331851452589035034e-02
2.050391584634780884e-02
4.488866776227951050e-03
1.917595118284225464e-01
-2.694572508335113525e-02
4.198249876499176025e-01
2.189186066389083862e-01
1.398000419139862061e-01
2.625588178634643555e-01
2.134573608636856079e-01
3.282485008239746094e-01
1.259608846157789230e-02
1.004247590899467468e-01
8.397752791643142700e-02
5.099090561270713806e-02
-7.324840873479843140e-02
-5.695495009422302246e-02
1.871504634618759155e-01
8.500482887029647827e-02
5.423220247030258179e-02
3.523601591587066650e-01
1.979341506958007812e-01
-9.658077731728553772e-03
1.725479811429977417e-01
1.062862202525138855e-01
-3.796678036451339722e-02
4.148196578025817871e-01
3.210747838020324707e-01
1.540972758084535599e-02
2.889761626720428467e-01
3.210618495941162109e-01
4.666006267070770264e-01
6.920655071735382080e-02
-1.608200557529926300e-02
-4.104953631758689880e-02
4.839538782835006714e-02
3.415365219116210938e-01
7.607173174619674683e-02
4.953210428357124329e-02
3.757498562335968018e-01
1.805399954319000244e-01
1.116538122296333313e-01
2.181610614061355591e-01
8.780886977910995483e-02
1.550286114215850830e-01
2.027448117733001709e-01
-5.368861602619290352e-04
4.605230093002319336e-01
-6.868999451398849487e-02
1.192899420857429504e-01
-1.403081323951482773e-02
-1.830657571554183960e-02
-2.333438694477081299e-01
2.661755681037902832e-01
5.738279223442077637e-02
-1.216120794415473938e-01
6.495672464370727539e-02
2.624703943729400635e-01
3.252301514148712158e-01
1.914184987545013428e-01
-6.672456860542297363e-02
2.055920064449310303e-01
2.933406829833984375e-01
-1.302403956651687622e-01
-1.225378438830375671e-01
1.486634761095046997e-01
1.720224916934967041e-01
2.629133462905883789e-01
3.412699103355407715e-01
2.537664175033569336e-01
1.580934226512908936e-01
4.818246662616729736e-01
-4.627709835767745972e-02
6.147975102066993713e-02
2.167170681059360504e-02
2.644702605903148651e-02
1.905438452959060669e-01
3.604493737220764160e-01
7.033491274341940880e-04
2.443150728940963745e-01
-1.181135103106498718e-01
3.285837471485137939e-01
1.203520148992538452e-01
-2.588202618062496185e-02
-1.213916540145874023e-01
1.648852080106735229e-01
2.810268104076385498e-01
2.467109113931655884e-01
1.686719954013824463e-01
8.538902737200260162e-03
1.905125379562377930e-01
4.978923872113227844e-02
1.135250404477119446e-01
2.301277965307235718e-01
4.078232944011688232e-01
-4.338756576180458069e-02
8.933100104331970215e-02
1.003619506955146790e-01
1.160935685038566589e-01
2.435490489006042480e-01
2.854497730731964111e-01
-6.981006264686584473e-02
3.616743087768554688e-01
2.133799791336059570e-01
1.265808194875717163e-01
2.303003668785095215e-01
9.517128765583038330e-02
2.566614449024200439e-01
1.448387354612350464e-01
2.374260872602462769e-01
-6.255720555782318115e-02
-1.769779063761234283e-02
2.818848192691802979e-01
4.337953776121139526e-02
3.657626733183860779e-02
1.939996927976608276e-01
4.647477865219116211e-01
2.612968087196350098e-01
3.518971428275108337e-02
2.512822151184082031e-01
1.751948148012161255e-01
1.768602430820465088e-01
5.663768853992223740e-03
1.602627038955688477e-01
3.215655982494354248e-01
1.287170797586441040e-01
5.537844300270080566e-01
4.861860070377588272e-03
1.546619534492492676e-01
-9.616374038159847260e-03
-1.220084279775619507e-01
2.604085206985473633e-01
2.995099723339080811e-01
2.349469214677810669e-01
3.557498753070831299e-01
1.738214492797851562e-01
-1.401524692773818970e-01
3.087369352579116821e-02
2.002896964550018311e-01
5.277793481945991516e-02
-5.908642336726188660e-02
-5.602959915995597839e-02
1.700686961412429810e-01
2.099993377923965454e-01
7.025742530822753906e-02
1.755440831184387207e-01
7.782956957817077637e-02
5.894897878170013428e-02
-1.112427115440368652e-01
3.501151204109191895e-01
6.003115698695182800e-02
1.361571066081523895e-02
4.029969871044158936e-02
2.567740380764007568e-01
2.148820906877517700e-01
2.061749696731567383e-01
1.071869879961013794e-01
-7.313986308872699738e-03
1.259472817182540894e-01
-7.725174073129892349e-03
1.439476311206817627e-01
2.359328567981719971e-01
4.226307943463325500e-02
1.372630596160888672e-01
1.522389203310012817e-01
-1.636513471603393555e-01
2.915202379226684570e-01
-1.553690806031227112e-02
1.378500312566757202e-01
3.483718037605285645e-01
-4.649560153484344482e-02
1.811651885509490967e-01
2.567975223064422607e-01
-6.994424015283584595e-02
2.806760668754577637e-01
5.462925881147384644e-02
2.900712192058563232e-01
-1.506966631859540939e-02
-2.089398540556430817e-02
1.499611586332321167e-01
1.976911872625350952e-01
3.001819550991058350e-01
-8.918746560811996460e-02
2.361134886741638184e-01
3.573934137821197510e-01
1.219927370548248291e-01
1.735216975212097168e-01
2.412682473659515381e-01
-6.457872688770294189e-02
2.177677899599075317e-01
2.463298588991165161e-01
8.929190784692764282e-02
1.495040357112884521e-01
8.080771565437316895e-02
2.029385715723037720e-01
-8.852323144674301147e-02
2.933738231658935547e-01
1.086401939392089844e-01
1.467984616756439209e-01
9.780632704496383667e-02
2.480316162109375000e-01
1.283917129039764404e-01
6.894189119338989258e-02
2.275099158287048340e-01
5.287219956517219543e-02
1.168674975633621216e-01
1.235702633857727051e-01
-2.818713150918483734e-02
1.052316948771476746e-01
3.068128526210784912e-01
1.569270491600036621e-01
2.980273962020874023e-01
2.070739716291427612e-01
5.053822696208953857e-02
1.106271594762802124e-01
1.436462253332138062e-01
2.998830676078796387e-01
1.039938405156135559e-01
1.908314228057861328e-01
1.554329246282577515e-01
2.622023224830627441e-01
3.057353198528289795e-01
3.116185963153839111e-01
-2.927787415683269501e-02
5.712508559226989746e-01
1.116946935653686523e-01
3.759822249412536621e-01
8.482749015092849731e-02
3.470744788646697998e-01
-3.057793676853179932e-01
2.338343560695648193e-01
3.488560914993286133e-01
1.851127296686172485e-01
5.438822507858276367e-01
3.536873459815979004e-01
4.041856527328491211e-02
6.398309022188186646e-02
2.769362926483154297e-01
1.313171833753585815e-01
5.772589147090911865e-02
-9.404205530881881714e-02
-5.233684182167053223e-02
3.615509271621704102e-01
9.246466308832168579e-02
1.381246596574783325e-01
3.133501708507537842e-01
1.744673997163772583e-01
3.399745821952819824e-01
1.120936032384634018e-02
6.118168123066425323e-03
-2.447270601987838745e-02
1.670908331871032715e-01
2.610961794853210449e-01
2.089574187994003296e-01
3.645578920841217041e-01
2.471938133239746094e-01
2.432390749454498291e-01
1.675498932600021362e-01
7.563133537769317627e-02
1.651249527931213379e-01
3.892655372619628906e-01
4.013029336929321289e-01
2.980282604694366455e-01
1.549684721976518631e-02
2.016981691122055054e-01
-1.200770884752273560e-01
3.247105777263641357e-01
1.598605215549468994e-01
4.133307840675115585e-03
-5.368982255458831787e-02
3.344505727291107178e-01
2.404047250747680664e-01
-8.739667944610118866e-03
4.470246434211730957e-01
3.644368052482604980e-01
1.391710937023162842e-01
2.351213395595550537e-01
2.923046648502349854e-01
3.215217292308807373e-01
3.459613397717475891e-02
1.639973521232604980e-01
2.562418282032012939e-01
2.900410071015357971e-02
1.502491235733032227e-01
3.702791333198547363e-01
2.204856276512145996e-01
1.956064105033874512e-01
-7.167414762079715729e-03
-7.015898823738098145e-02
3.145382106304168701e-01
1.382361352443695068e-01
2.651133537292480469e-01
1.112277284264564514e-01
1.879466325044631958e-01
-1.619856193428859115e-04
9.110290557146072388e-02
2.015340626239776611e-01
2.122236788272857666e-01
1.142982691526412964e-01
3.361368179321289062e-02
1.839566230773925781e-01
-6.642915308475494385e-02
1.477165073156356812e-01
1.896484047174453735e-01
8.957403898239135742e-02
2.165111452341079712e-01
2.642480731010437012e-01
1.808149963617324829e-01
3.128091245889663696e-02
2.420804798603057861e-01
2.544156014919281006e-01
3.208165168762207031e-01
2.050266414880752563e-01
5.411377549171447754e-01
2.864430099725723267e-02
-1.301667243242263794e-01
2.771312929689884186e-02
-9.748867899179458618e-02
1.758145987987518311e-01
5.408648401498794556e-02
2.303100228309631348e-01
-2.403910458087921143e-02
4.255253374576568604e-01
2.745924592018127441e-01
-8.009884506464004517e-03
1.031571030616760254e-01
-8.125234395265579224e-02
2.308192700147628784e-01
1.328489482402801514e-01
5.719395726919174194e-02
5.758651718497276306e-02
7.077413797378540039e-02
3.902489244937896729e-01
-1.753926873207092285e-01
1.619137525558471680e-01
3.665765821933746338e-01
1.027284041047096252e-01
2.024528831243515015e-01
-2.354128845036029816e-02
1.827042251825332642e-01
2.421778887510299683e-01
3.310065567493438721e-01
3.028088808059692383e-01
3.893882334232330322e-01
2.105195671319961548e-01
1.115076616406440735e-01
2.759084403514862061e-01
4.082430899143218994e-02
1.342764794826507568e-01
3.134319484233856201e-01
-1.699778437614440918e-02
1.034882217645645142e-01
3.324837982654571533e-01
1.759992092847824097e-01
3.184604048728942871e-01
2.751950621604919434e-01
2.482332736253738403e-01
-1.018969565629959106e-01
2.640285491943359375e-01
-5.336933955550193787e-02
1.903068721294403076e-01
5.918484926223754883e-02
1.235205959528684616e-02
3.680819571018218994e-01
5.096158385276794434e-02
1.152884662151336670e-01
2.246028035879135132e-01
2.517569996416568756e-02
2.291909605264663696e-01
1.740150451660156250e-01
1.166179552674293518e-01
1.967561691999435425e-01
2.928185462951660156e-01
-1.203254535794258118e-01
3.013549447059631348e-01
-5.453999713063240051e-02
2.570420205593109131e-01
9.436290711164474487e-02
-1.515249460935592651e-01
5.150387287139892578e-01
6.093578040599822998e-02
5.066857114434242249e-02
8.541369438171386719e-02
8.597279340028762817e-02
4.625869095325469971e-01
3.523375988006591797e-01
1.994627565145492554e-01
2.459385693073272705e-01
1.977089941501617432e-01
2.106359153985977173e-01
-4.208835586905479431e-02
3.193991780281066895e-01
1.015241965651512146e-01
8.108882606029510498e-02
1.720852255821228027e-01
2.067312598228454590e-01
1.589407175779342651e-01
6.736136227846145630e-02
1.261800527572631836e-01
2.520170211791992188e-01
9.498439729213714600e-03
2.940867841243743896e-01
-3.489351645112037659e-02
2.884662151336669922e-01
-6.772594153881072998e-02
3.380716145038604736e-01
3.242675065994262695e-01
4.467507824301719666e-03
2.037782520055770874e-01
1.622287034988403320e-01
3.615513443946838379e-01
2.857058048248291016e-01
4.008992016315460205e-02
8.533166348934173584e-02
2.937331050634384155e-02
3.488679826259613037e-01
1.574218855239450932e-03
8.301491290330886841e-02
2.746894359588623047e-01
1.397739201784133911e-01
-8.062548004090785980e-04
2.675927989184856415e-02
3.355049788951873779e-01
-1.586584597826004028e-01
1.177419349551200867e-01
2.458835542201995850e-01
5.456534400582313538e-02
3.484052717685699463e-01
9.175571613013744354e-03
-1.634701043367385864e-01
-8.508209884166717529e-02
-1.817205362021923065e-02
3.182353451848030090e-02
2.426946759223937988e-01
-2.661079633980989456e-04
3.197346115484833717e-03
1.386317014694213867e-01
4.909339845180511475e-01
3.092881441116333008e-01
2.522332668304443359e-01
3.439168632030487061e-02
2.359045892953872681e-01
1.368792206048965454e-01
1.195532158017158508e-01
2.651794813573360443e-02
6.102536618709564209e-02
4.744086265563964844e-01
2.011565119028091431e-01
1.682281345129013062e-01
1.104452013969421387e-01
1.986726075410842896e-01
-1.517713535577058792e-02
1.527035981416702271e-01
3.299545645713806152e-01
6.099615693092346191e-01
9.773904830217361450e-02
1.620219051837921143e-01
5.615025386214256287e-02
1.234376728534698486e-01
2.211169898509979248e-01
1.877475082874298096e-01
3.302364051342010498e-01
3.369346857070922852e-01
2.492461353540420532e-01
-3.051401488482952118e-02
2.646176842972636223e-03
1.324263066053390503e-01
9.987193346023559570e-02
3.480602428317070007e-02
6.853631883859634399e-02
-4.565549269318580627e-02
7.161288708448410034e-02
3.732939660549163818e-01
-1.007008366286754608e-02
2.274413555860519409e-01
3.445302546024322510e-01
-1.867043226957321167e-01
4.493316709995269775e-01
2.334605902433395386e-01
3.363964855670928955e-01
1.860745251178741455e-01
2.298057824373245239e-01
2.094847857952117920e-01
2.022758424282073975e-01
-1.883473061025142670e-02
-5.591063946485519409e-02
1.496179252862930298e-01
-2.703754231333732605e-02
1.968545764684677124e-01
6.803961098194122314e-02
3.941060006618499756e-01
3.521058261394500732e-01
1.097283139824867249e-01
4.198760688304901123e-01
2.429417669773101807e-01
2.103084623813629150e-01
3.325352966785430908e-01
1.112598627805709839e-01
4.826027899980545044e-02
8.970551192760467529e-02
1.908761262893676758e-01
-4.335597902536392212e-02
1.571706086397171021e-01
3.575289994478225708e-02
2.738941907882690430e-01
5.266803503036499023e-02
1.296932902187108994e-02
1.981117725372314453e-01
1.623167991638183594e-01
1.210915818810462952e-01
2.204723209142684937e-01
3.265326619148254395e-01
1.370407920330762863e-02
3.403544723987579346e-01
1.881829090416431427e-02
3.008075654506683350e-01
4.409174621105194092e-01
4.762358590960502625e-02
-5.419654026627540588e-02
1.508093476295471191e-01
2.351786494255065918e-01
2.266308367252349854e-01
1.942180655896663666e-02
5.585250258445739746e-01
9.931060671806335449e-02
-9.587152302265167236e-02
1.586128324270248413e-01
8.516733534634113312e-03
5.091963708400726318e-02
9.066957235336303711e-02
9.798650443553924561e-02
2.315165400505065918e-01
1.467491388320922852e-01
1.704517602920532227e-01
-4.164165630936622620e-02
-3.796345740556716919e-02
4.420974850654602051e-01
1.349837929010391235e-01
3.562849462032318115e-01
1.843963116407394409e-01
4.102877378463745117e-01
1.514811813831329346e-01
4.089601933956146240e-01
1.165598072111606598e-02
9.394925087690353394e-02
-3.072842769324779510e-02
1.197077482938766479e-01
1.924095451831817627e-01
3.615248203277587891e-01
3.159186616539955139e-02
1.941878497600555420e-01
3.265230217948555946e-03
4.667574465274810791e-01
-2.150802314281463623e-02
2.499076128005981445e-01
1.974295675754547119e-01
-3.570342203602194786e-03
1.665929704904556274e-01
6.909686326980590820e-02
3.306035101413726807e-01
5.743856355547904968e-02
8.557607978582382202e-02
9.025631844997406006e-02
3.310002088546752930e-01
-1.755597256124019623e-02
1.905104666948318481e-01
3.719651401042938232e-01
1.635245829820632935e-01
2.765167355537414551e-01
3.304555416107177734e-01
1.545361876487731934e-01
3.409141004085540771e-01
-1.412351336330175400e-02
1.171360835433006287e-01
2.299363464117050171e-01
1.002590879797935486e-01
1.103173941373825073e-01
-1.418192312121391296e-02
1.626135259866714478e-01
1.855887472629547119e-01
5.014937371015548706e-03
1.541859507560729980e-01
1.073847338557243347e-01
3.248544335365295410e-01
1.085497513413429260e-01
1.202981099486351013e-01
1.994918584823608398e-01
2.055896073579788208e-01
-7.628003507852554321e-02
1.105762738734483719e-02
1.011267080903053284e-01
2.669086754322052002e-01
1.275721639394760132e-01
2.403423786163330078e-01
1.146260499954223633e-01
2.768839299678802490e-01
-6.609121710062026978e-02
6.914913654327392578e-02
4.212898612022399902e-01
2.462738305330276489e-01
1.081734672188758850e-01
2.787502706050872803e-01
1.028277799487113953e-01
2.007171362638473511e-01
2.703856863081455231e-02
3.965651392936706543e-01
2.853770852088928223e-01
1.835679262876510620e-01
3.057032227516174316e-01
3.132778704166412354e-01
2.861085534095764160e-01
2.627244591712951660e-01
1.727850176393985748e-02
3.089854419231414795e-01
3.211811780929565430e-01
3.788970038294792175e-02
2.437057942152023315e-01
1.637600064277648926e-01
1.446071416139602661e-01
-2.744309417903423309e-02
2.052206099033355713e-01
-1.274020224809646606e-02
2.174391597509384155e-01
6.836131215095520020e-02
2.423642575740814209e-01
-2.179413335397839546e-03
1.647608578205108643e-01
1.393996644765138626e-03
2.484823614358901978e-01
1.156852617859840393e-01
1.531423348933458328e-02
9.811110794544219971e-02
2.742149829864501953e-01
-1.561910808086395264e-01
6.905944645404815674e-02
2.700358629226684570e-01
2.098858654499053955e-01
2.998344004154205322e-01
8.516931533813476562e-02
6.080669537186622620e-02
2.515385448932647705e-01
1.736136823892593384e-01
1.016584262251853943e-01
3.946752101182937622e-02
1.946989148855209351e-01
1.670323461294174194e-01
3.187083005905151367e-01
2.248369306325912476e-01
1.554278135299682617e-01
1.627546101808547974e-01
1.503296196460723877e-01
-3.446025028824806213e-02
2.180249094963073730e-01
-4.868250712752342224e-02
1.021148189902305603e-01
1.560111790895462036e-01
8.182119578123092651e-02
-6.914592534303665161e-02
7.668966799974441528e-02
-1.680423505604267120e-02
-1.208206266164779663e-01
3.181388080120086670e-01
1.797949522733688354e-02
2.792290747165679932e-01
5.951330065727233887e-02
-5.647448450326919556e-02
3.265036940574645996e-01
2.173727452754974365e-01
7.049185037612915039e-02
6.838537752628326416e-02
1.566335558891296387e-01
3.975020349025726318e-01
2.871798276901245117e-01
3.528859913349151611e-01
3.240720331668853760e-01
8.639142662286758423e-02
1.386977136135101318e-01
1.964321881532669067e-01
1.574089527130126953e-01
6.455511599779129028e-02
5.179522931575775146e-02
2.895943224430084229e-01
2.240709215402603149e-01
1.459825634956359863e-01
3.444600999355316162e-01
1.873255521059036255e-01
-5.029839277267456055e-02
2.421788275241851807e-01
6.835646927356719971e-02
3.609118759632110596e-01
3.011540472507476807e-01
3.634663820266723633e-01
2.593743503093719482e-01
6.670656055212020874e-02
2.026176005601882935e-01
2.254822663962841034e-02
2.036094516515731812e-01
1.036181449890136719e-01
3.655748069286346436e-02
1.225489303469657898e-01
3.389394655823707581e-02
1.398938000202178955e-01
2.029227167367935181e-01
2.802127301692962646e-01
9.806250035762786865e-02
-1.718296706676483154e-01
2.438556104898452759e-01
9.177553653717041016e-02
-9.158170968294143677e-02
2.737243771553039551e-01
1.643273234367370605e-02
1.152298599481582642e-01
-1.200849190354347229e-02
6.582286208868026733e-02
2.714128494262695312e-01
-1.040045870468020439e-03
1.399373859167098999e-01
1.957325637340545654e-01
2.454915195703506470e-01
1.495260149240493774e-01
3.209486305713653564e-01
1.411495059728622437e-01
3.857101798057556152e-01
-1.276688575744628906e-01
1.505734622478485107e-01
1.188610270619392395e-01
1.581235677003860474e-01
1.321973353624343872e-01
5.751743167638778687e-02
1.488767117261886597e-01
1.865690201520919800e-01
7.703601568937301636e-02
-8.718497306108474731e-02
1.868573278188705444e-01
1.420885026454925537e-01
2.124469280242919922e-01
-1.759819686412811279e-01
1.501311212778091431e-01
3.637276291847229004e-01
8.656201511621475220e-02
2.717904448509216309e-01
1.252310127019882202e-01
3.650463521480560303e-01
2.575984299182891846e-01
1.718965768814086914e-01
-1.074755564332008362e-01
1.706047654151916504e-01
1.287195533514022827e-01
1.380670070648193359e-01
1.546820849180221558e-01
-1.593781821429729462e-02
4.223762080073356628e-02
1.917007863521575928e-01
2.559255063533782959e-01
2.862391173839569092e-01
-5.764582008123397827e-02
3.970528766512870789e-02
4.445220902562141418e-02
-4.027491807937622070e-02
2.029811143875122070e-01
-7.154224906116724014e-03
1.249416097998619080e-01
2.259210348129272461e-01
2.597612515091896057e-02
1.760799884796142578e-01
2.095857262611389160e-01
-1.638980358839035034e-01
6.040812283754348755e-02
8.102343976497650146e-02
6.161518022418022156e-02
3.948997333645820618e-02
7.752677891403436661e-03
1.387534588575363159e-01
7.790046930313110352e-02
2.289758920669555664e-01
2.086215615272521973e-01
1.098930649459362030e-02
2.193418294191360474e-01
3.269051015377044678e-01
9.062416106462478638e-02
3.515843451023101807e-01
3.951218724250793457e-01
3.285562247037887573e-02
8.351673930883407593e-02
2.253512442111968994e-01
8.485545963048934937e-02
2.551544010639190674e-01
7.007612287998199463e-02
4.934617131948471069e-02
7.810915820300579071e-03
9.153303503990173340e-02
1.213304921984672546e-01
3.031498789787292480e-01
1.760424375534057617e-01
1.013116315007209778e-01
-5.562496185302734375e-02
2.442818880081176758e-01
7.804762572050094604e-02
4.052779376506805420e-01
1.004199907183647156e-01
-1.362053956836462021e-02
5.609399676322937012e-01
6.191961839795112610e-02
1.787045747041702271e-01
5.409253388643264771e-02
2.007052451372146606e-01
2.720574140548706055e-01
1.296819895505905151e-01
5.317876487970352173e-02
2.594361007213592529e-01
2.701872587203979492e-01
5.694820359349250793e-02
8.776927739381790161e-02
2.114751189947128296e-01
2.813623547554016113e-01
-4.690299741923809052e-03
4.787524640560150146e-01
3.612278699874877930e-01
4.203067421913146973e-01
1.284319907426834106e-01
1.793030947446823120e-01
1.396600753068923950e-01
1.434644907712936401e-01
1.738525331020355225e-01
1.917885243892669678e-01
1.275079697370529175e-01
-8.281087875366210938e-02
2.124987989664077759e-01
6.256488710641860962e-02
-4.190723225474357605e-02
3.040051460266113281e-01
1.965596973896026611e-01
1.371639370918273926e-01
2.757077515125274658e-01
6.511427462100982666e-02
1.030433401465415955e-01
2.464674264192581177e-01
2.745629847049713135e-01
9.738155640661716461e-03
3.673878014087677002e-01
1.676000803709030151e-01
3.678244352340698242e-01
-9.085811674594879150e-03
7.106135040521621704e-02
1.121710017323493958e-01
3.110967110842466354e-03
2.783290743827819824e-01
1.033476740121841431e-01
3.471217676997184753e-02
1.459621638059616089e-01
2.860268205404281616e-02
-4.748099669814109802e-02
3.758483380079269409e-02
1.793081872165203094e-02
2.981246709823608398e-01
2.881427407264709473e-01
3.845733404159545898e-01
2.326103597879409790e-01
2.271954864263534546e-01
2.438131719827651978e-01
-1.273432839661836624e-02
2.153064310550689697e-01
2.099252343177795410e-01
4.182384610176086426e-01
-7.398997247219085693e-02
1.595218479633331299e-01
4.145689010620117188e-01
-1.755319535732269287e-01
1.011787448078393936e-02
4.648143053054809570e-02
3.118672221899032593e-02
1.900717616081237793e-01
-2.907405421137809753e-02
3.084078198298811913e-03
-2.138702571392059326e-02
-3.385818004608154297e-02
5.683813095092773438e-01
3.818494975566864014e-01
2.021092027425765991e-01
2.935372591018676758e-01
4.024944081902503967e-02
1.898863762617111206e-01
6.756773591041564941e-02
-1.978774927556514740e-02
1.161173656582832336e-01
1.851937025785446167e-01
1.926283240318298340e-01
-4.717651754617691040e-02
3.747577667236328125e-01
2.242678105831146240e-01
2.920612460002303123e-03
2.883036732673645020e-01
1.405650656670331955e-02
-8.292817510664463043e-03
2.561112642288208008e-01
1.096282377839088440e-01
2.916439250111579895e-02
2.535767853260040283e-01
-4.471265524625778198e-02
2.101176679134368896e-01
2.513905167579650879e-01
6.524638831615447998e-02
5.347881000488996506e-03
2.974223531782627106e-02
-4.075785353779792786e-02
9.560596197843551636e-02
1.752635836601257324e-01
-9.915795177221298218e-02
1.398427933454513550e-01
2.383484542369842529e-01
2.422596663236618042e-01
4.180290699005126953e-01
6.070380285382270813e-02
5.130842328071594238e-01
2.235230756923556328e-03
1.460163891315460205e-01
-1.634711772203445435e-01
3.157674372196197510e-01
3.125915825366973877e-01
1.642706990242004395e-01
2.233252227306365967e-01
1.596440970897674561e-01
1.726332157850265503e-01
2.656992077827453613e-01
2.343762069940567017e-01
3.255534470081329346e-01
-1.411163508892059326e-01
2.858639359474182129e-01
2.310411185026168823e-01
-8.380327373743057251e-02
4.139421582221984863e-01
4.897505417466163635e-02
5.548632889986038208e-02
2.505072951316833496e-01
3.961959481239318848e-01
3.369742631912231445e-01
2.038672417402267456e-01
1.520447153598070145e-02
1.165655553340911865e-01
2.878370881080627441e-01
3.317021131515502930e-01
1.467472612857818604e-01
-1.193324401974678040e-01
5.604591965675354004e-02
7.971098273992538452e-02
3.771132826805114746e-01
2.531397156417369843e-03
2.139354497194290161e-01
3.508736491203308105e-01
5.995438620448112488e-02
3.754982054233551025e-01
1.310405433177947998e-01
2.705959230661392212e-02
1.911702007055282593e-01
5.810853838920593262e-02
2.482577413320541382e-01
2.103107422590255737e-01
-9.118234366178512573e-02
2.305712252855300903e-01
9.076143801212310791e-02
1.240536645054817200e-01
7.155216485261917114e-02
2.170015722513198853e-01
1.207118928432464600e-01
1.440541595220565796e-01
-2.006103843450546265e-01
5.295946076512336731e-02
-2.160855680704116821e-01
3.518339991569519043e-02
1.119527369737625122e-01
2.277893424034118652e-01
-4.142411053180694580e-02
-1.385991740971803665e-02
1.452490091323852539e-01
1.529798209667205811e-01
4.134897291660308838e-01
-1.460660807788372040e-02
5.866326019167900085e-02
4.970663487911224365e-01
1.861280053853988647e-01
-1.053078919649124146e-01
-1.667042088229209185e-04
2.764134109020233154e-01
1.498406976461410522e-01
3.238939642906188965e-01
4.234488904476165771e-01
-4.444519802927970886e-02
1.896105110645294189e-01
2.427220195531845093e-01
-4.792891070246696472e-02
4.211598634719848633e-01
4.135119318962097168e-01
-2.695268951356410980e-02
2.081502228975296021e-01
-3.250075876712799072e-01
1.152256876230239868e-01
1.560945063829421997e-01
2.373967021703720093e-01
1.728556901216506958e-01
2.968474328517913818e-01
3.885447680950164795e-01
-4.490523040294647217e-02
3.789458274841308594e-01
8.653652667999267578e-02
1.438578665256500244e-01
1.130748838186264038e-01
4.260464012622833252e-02
9.875719994306564331e-02
1.703827083110809326e-01
9.442509710788726807e-02
1.244666278362274170e-01
4.250200986862182617e-01
1.905809342861175537e-01
1.567301005125045776e-01
1.743400841951370239e-01
-3.932633250951766968e-02
-2.061818391084671021e-01
3.595409095287322998e-01
3.884862363338470459e-02
-6.749363243579864502e-02
3.923886120319366455e-01
2.312319427728652954e-01
1.245414465665817261e-01
1.914632022380828857e-01
-9.600482881069183350e-02
1.787795275449752808e-01
2.682051621377468109e-02
-4.114029183983802795e-02
6.212470307946205139e-02
2.335752360522747040e-02
1.865957081317901611e-01
2.438494935631752014e-02
3.648642823100090027e-02
2.019456475973129272e-01
1.631158441305160522e-01
5.298974364995956421e-02
1.684879362583160400e-01
2.888089790940284729e-02
4.239270985126495361e-01
2.942282855510711670e-01
1.849006861448287964e-01
2.176441103219985962e-01
2.836581170558929443e-01
2.067200094461441040e-01
2.458700090646743774e-01
-3.156448015943169594e-03
2.877045571804046631e-01
-8.714258670806884766e-02
4.179339408874511719e-01
6.627199798822402954e-02
1.274845749139785767e-01
1.335561424493789673e-01
3.050021827220916748e-01
2.611220777034759521e-01
2.856366634368896484e-01
1.409801989793777466e-01
4.741276502609252930e-01
2.191255986690521240e-01
3.943362459540367126e-02
1.241755038499832153e-01
2.651744484901428223e-01
5.216266587376594543e-02
4.589501023292541504e-02
3.676839470863342285e-01
5.424347147345542908e-02
1.820500008761882782e-02
3.289287090301513672e-01
1.790550649166107178e-01
2.627610564231872559e-01
2.535869777202606201e-01
1.054446026682853699e-01
2.490490823984146118e-01
2.007740736007690430e-01
1.617271453142166138e-01
3.596744686365127563e-02
1.843448579311370850e-01
5.234987288713455200e-02
1.023954749107360840e-01
1.476546525955200195e-01
-3.374403575435280800e-03
3.225328028202056885e-02
2.183459997177124023e-01
8.964108675718307495e-02
1.127143725752830505e-01
3.384265005588531494e-01
-6.869240198284387589e-03
2.671874165534973145e-01
5.478299409151077271e-02
3.986825942993164062e-01
1.575625985860824585e-01
3.787090778350830078e-01
1.072320491075515747e-01
3.329505622386932373e-01
1.622443348169326782e-01
8.709096163511276245e-02
9.015763550996780396e-02
8.012627065181732178e-02
3.141863644123077393e-01
3.258615434169769287e-01
1.038947030901908875e-01
1.731454879045486450e-01
-1.631276160478591919e-01
7.871734350919723511e-02
5.886283144354820251e-02
1.259948909282684326e-01
2.805174887180328369e-01
2.858354449272155762e-01
3.326817154884338379e-01
2.640533149242401123e-01
2.450202703475952148e-01
1.843630373477935791e-01
5.710032209753990173e-02
3.048525750637054443e-01
3.383343517780303955e-01
1.346668452024459839e-01
4.146008789539337158e-01
3.350528478622436523e-01
1.424206942319869995e-01
6.828343123197555542e-02
-4.346089437603950500e-02
5.581531673669815063e-02
1.060888320207595825e-01
-2.269247733056545258e-02
6.173351407051086426e-02
5.139089375734329224e-02
2.008730471134185791e-01
8.796259015798568726e-02
4.973062127828598022e-02
1.513042300939559937e-01
2.266858145594596863e-02
1.464543640613555908e-01
2.808839976787567139e-01
-2.487397752702236176e-02
4.919968843460083008e-01
3.151686489582061768e-01
-5.739773437380790710e-02
1.488828510046005249e-01
3.005196750164031982e-01
2.196197360754013062e-01
7.118126749992370605e-02
-1.472186744213104248e-01
-1.787493377923965454e-01
1.472339630126953125e-01
1.188954189419746399e-01
1.951412111520767212e-01
3.428227305412292480e-01
3.718073368072509766e-01
8.178575336933135986e-02
3.186327219009399414e-01
1.266047507524490356e-01
2.227187454700469971e-01
-5.554550793021917343e-03
9.540940821170806885e-02
1.398454755544662476e-01
2.439895719289779663e-01
2.062442451715469360e-01
9.288431704044342041e-02
9.728500247001647949e-02
1.818332225084304810e-01
2.189746946096420288e-01
1.147304847836494446e-01
-1.468466967344284058e-01
-1.201548054814338684e-02
1.199050247669219971e-01
2.468760162591934204e-01
4.891235828399658203e-01
8.373050391674041748e-02
2.726727910339832306e-02
2.935624718666076660e-01
3.728242516517639160e-01
1.651064157485961914e-01
2.713059186935424805e-01
5.290336161851882935e-02
2.303368449211120605e-01
-1.323495209217071533e-01
2.119528651237487793e-01
-2.275771275162696838e-02
2.078687846660614014e-01
2.954834103584289551e-01
2.656482458114624023e-01
1.061311066150665283e-01
-3.733640909194946289e-02
2.643201053142547607e-01
1.111506074666976929e-01
1.447641849517822266e-01
-4.227718710899353027e-02
9.683417528867721558e-02
3.566852509975433350e-01
2.798115834593772888e-02
1.305210143327713013e-01
2.614926099777221680e-01
8.816473931074142456e-02
1.740863025188446045e-01
1.080755144357681274e-01
2.994866669178009033e-01
2.615610659122467041e-01
3.401299715042114258e-01
-7.913851737976074219e-02
1.285858154296875000e-01
1.157604008913040161e-01
1.973779350519180298e-01
3.901185095310211182e-02
3.292388573754578829e-04
1.187720224261283875e-01
9.094111621379852295e-02
1.146308612078428268e-02
3.253217339515686035e-01
2.678292393684387207e-01
3.515526950359344482e-01
1.894006431102752686e-01
1.568139493465423584e-01
6.661976873874664307e-02
1.919523328542709351e-01
5.370428785681724548e-02
3.530519083142280579e-02
3.166411519050598145e-01
3.106695413589477539e-01
2.104850411415100098e-01
6.303488463163375854e-02
3.704739511013031006e-01
1.369086056947708130e-01
