9.215054661035537720e-02
9.209524095058441162e-02
2.863886952400207520e-01
2.489545941352844238e-01
8.902949839830398560e-02
-3.018212690949440002e-02
-3.962548449635505676e-02
-2.437599748373031616e-01
2.135792225599288940e-01
1.143677011132240295e-01
1.790048629045486450e-01
-6.207033991813659668e-02
2.122086286544799805e-01
6.429981905966997147e-03
1.401282846927642822e-01
-1.111263036727905273e-01
1.602497845888137817e-01
1.098589375615119934e-01
1.649631708860397339e-01
-2.321342229843139648e-01
-2.888110838830471039e-02
7.739241421222686768e-02
-2.102092802524566650e-01
1.709005832672119141e-01
1.002587229013442993e-01
-1.012664381414651871e-02
-2.696394026279449463e-01
1.068008244037628174e-01
1.554367244243621826e-01
1.607871502637863159e-01
1.384596526622772217e-01
6.444643437862396240e-02
1.879469603300094604e-01
1.128824278712272644e-01
4.146925508975982666e-01
-6.224722042679786682e-02
1.171574965119361877e-01
-9.568650275468826294e-02
2.438604459166526794e-02
-1.397889554500579834e-01
1.249764114618301392e-01
-5.583063233643770218e-03
1.630337685346603394e-01
-1.721899211406707764e-01
-2.666116878390312195e-02
5.444532260298728943e-02
1.941519975662231445e-01
2.126558247255161405e-04
2.270026206970214844e-01
-8.546064049005508423e-02
-2.850064635276794434e-01
7.869669236242771149e-03
1.598521918058395386e-01
-4.690984636545181274e-02
-8.531644940376281738e-02
-2.781513035297393799e-01
2.667263150215148926e-01
1.947118341922760010e-01
-1.485013961791992188e-01
-3.017445653676986694e-02
8.798363804817199707e-02
1.645980775356292725e-02
7.151376456022262573e-02
1.204737871885299683e-01
-2.007738947868347168e-01
-6.815898418426513672e-02
8.524394780397415161e-02
-1.282686740159988403e-01
1.529287695884704590e-01
3.955048620700836182e-01
-6.726519763469696045e-02
1.483947485685348511e-01
3.704137802124023438e-01
8.563480526208877563e-02
9.803096204996109009e-02
3.430213332176208496e-01
8.790918439626693726e-02
2.056250721216201782e-01
1.249873042106628418e-01
1.502214670181274414e-01
1.083945273421704769e-03
2.071126252412796021e-01
7.239174097776412964e-02
2.500655651092529297e-01
3.192186728119850159e-02
1.251764297485351562e-01
-9.991664439439773560e-02
-4.173387959599494934e-02
-7.626526057720184326e-02
-1.822688430547714233e-01
2.018080055713653564e-01
-5.957747250795364380e-02
1.419976055622100830e-01
3.394806385040283203e-01
8.578737080097198486e-02
2.299177646636962891e-02
6.707175821065902710e-02
1.192223951220512390e-01
2.291674315929412842e-01
3.452680110931396484e-01
2.422114014625549316e-01
2.927650511264801025e-01
1.508038341999053955e-01
2.289685606956481934e-01
7.128043472766876221e-02
3.384106159210205078e-01
-1.041832752525806427e-02
2.152244150638580322e-01
1.696233600378036499e-01
2.666219472885131836e-01
2.366344779729843140e-01
2.277627587318420410e-01
-8.864258229732513428e-02
2.455871999263763428e-01
-1.350711565464735031e-02
5.437358468770980835e-02
1.036683693528175354e-01
2.839273400604724884e-02
2.639713883399963379e-01
-6.381515413522720337e-02
2.455068081617355347e-01
2.371347099542617798e-01
-1.906422823667526245e-01
2.152255177497863770e-01
5.573921650648117065e-02
8.781061321496963501e-02
2.165592759847640991e-01
1.882250653579831123e-03
1.559311896562576294e-01
3.368403911590576172e-01
3.392112851142883301e-01
7.062523066997528076e-02
2.865026593208312988e-01
-7.139298319816589355e-02
-1.418611854314804077e-01
1.696984916925430298e-01
3.815656304359436035e-01
8.315477520227432251e-02
1.763224452733993530e-01
3.044701740145683289e-02
2.435158789157867432e-01
2.381007671356201172e-01
1.837950348854064941e-01
4.360411316156387329e-02
6.056430190801620483e-02
3.564027138054370880e-03
3.748454451560974121e-01
4.072828218340873718e-02
2.156181037425994873e-01
1.472801715135574341e-01
2.247410863637924194e-01
1.069522947072982788e-01
-3.092791140079498291e-02
2.381613478064537048e-02
1.993310153484344482e-01
-1.417824625968933105e-02
-7.396903634071350098e-02
2.698865234851837158e-01
2.119561880826950073e-01
-1.121434345841407776e-01
-1.689051650464534760e-02
1.731092333793640137e-01
2.182119488716125488e-01
4.515100270509719849e-02
2.494162023067474365e-01
8.191897720098495483e-02
-4.163626208901405334e-02
1.427237838506698608e-01
3.905869722366333008e-01
2.105773389339447021e-01
2.484508603811264038e-01
7.293538749217987061e-02
-1.016118451952934265e-01
2.552966773509979248e-01
2.491790354251861572e-01
5.790571868419647217e-02
7.461084052920341492e-03
7.148323208093643188e-02
2.011744827032089233e-01
7.850497961044311523e-03
1.805453002452850342e-01
-1.038318648934364319e-01
2.495047301054000854e-01
4.382511675357818604e-01
2.785292267799377441e-01
5.474268794059753418e-01
3.932003378868103027e-01
-3.115477263927459717e-01
2.284235060214996338e-01
1.870920956134796143e-01
1.061930209398269653e-01
-9.408224374055862427e-02
1.114784255623817444e-01
4.541415870189666748e-01
4.378516599535942078e-02
3.548020869493484497e-02
2.999149262905120850e-01
-6.264778226613998413e-02
1.794725954532623291e-01
8.559717237949371338e-02
2.835874557495117188e-01
3.233321309089660645e-01
-7.925739884376525879e-02
4.825989529490470886e-02
1.009041815996170044e-01
1.944807022809982300e-01
1.925861537456512451e-01
2.856914997100830078e-01
-6.826552096754312515e-03
-1.480153352022171021e-01
9.725451469421386719e-02
2.396769821643829346e-01
3.356766998767852783e-01
2.917011454701423645e-02
2.326783239841461182e-01
-1.372696310281753540e-01
2.046234607696533203e-01
2.564598619937896729e-01
2.518044710159301758e-01
2.095687687397003174e-01
-2.243966162204742432e-01
2.032330036163330078e-01
2.469162493944168091e-01
1.336396783590316772e-01
2.799734771251678467e-01
2.154866755008697510e-01
3.353626653552055359e-02
1.492293626070022583e-01
2.861830890178680420e-01
1.234336867928504944e-01
3.394030034542083740e-01
9.519772976636886597e-02
1.714401692152023315e-01
2.692095339298248291e-01
2.150683701038360596e-01
-1.415294129401445389e-02
-2.534710336476564407e-03
-2.791302511468529701e-03
-6.665499880909919739e-03
1.301645580679178238e-02
6.959830224514007568e-02
1.551383733749389648e-01
1.625540852546691895e-01
1.410875916481018066e-01
2.326077073812484741e-01
1.437008976936340332e-01
3.126864135265350342e-02
1.966062560677528381e-02
2.552059888839721680e-01
9.505332261323928833e-02
4.153464362025260925e-02
-3.664718940854072571e-02
1.223667338490486145e-01
-1.294108182191848755e-01
1.667446345090866089e-01
2.412404716014862061e-01
1.588236391544342041e-01
-4.961213842034339905e-02
-2.138264775276184082e-01
8.222290128469467163e-02
3.590299934148788452e-02
-1.372569650411605835e-01
3.093402981758117676e-01
2.769364416599273682e-01
4.605203494429588318e-02
2.930828928947448730e-01
2.965075373649597168e-01
-1.239999011158943176e-02
3.874088525772094727e-01
2.304172068834304810e-01
3.149260282516479492e-01
-5.742548778653144836e-02
-3.556826710700988770e-02
-2.762421593070030212e-02
2.609818875789642334e-01
3.507451415061950684e-01
3.257772028446197510e-01
-2.670864574611186981e-02
4.294635057449340820e-01
4.069757089018821716e-02
2.247657030820846558e-01
1.476272642612457275e-01
1.524997353553771973e-01
1.047983318567276001e-01
7.667461782693862915e-02
-6.247441098093986511e-02
-5.274040997028350830e-02
3.481201231479644775e-01
1.942793428897857666e-01
3.018446564674377441e-01
2.541692554950714111e-01
2.646450996398925781e-01
2.587685883045196533e-01
2.018546164035797119e-01
1.167207285761833191e-01
5.907101090997457504e-03
4.235244542360305786e-02
3.388898074626922607e-01
1.336527615785598755e-01
1.789993047714233398e-01
8.805738389492034912e-02
2.131987661123275757e-01
1.002337932586669922e-01
-1.676536351442337036e-02
1.774141341447830200e-01
1.553861647844314575e-01
2.475544810295104980e-01
7.859279215335845947e-02
7.608170807361602783e-02
4.455402120947837830e-02
1.890464723110198975e-01
1.496169418096542358e-01
7.456872612237930298e-02
3.881520330905914307e-01
1.547699719667434692e-01
2.605830132961273193e-01
3.877492621541023254e-02
2.498005330562591553e-01
2.535885870456695557e-01
1.406337618827819824e-01
2.079113759100437164e-02
5.386274307966232300e-02
1.258780211210250854e-01
2.061527818441390991e-01
3.251255452632904053e-01
9.806699305772781372e-02
2.546619176864624023e-01
-1.379686295986175537e-01
1.907990872859954834e-02
1.356212794780731201e-01
1.250732392072677612e-01
2.121827900409698486e-01
4.960358440876007080e-01
2.106007933616638184e-01
1.765826195478439331e-01
-4.893860593438148499e-02
3.411284834146499634e-02
1.835762560367584229e-01
4.853832125663757324e-01
1.211820840835571289e-01
1.240380574017763138e-02
3.928885608911514282e-02
2.937461482360959053e-03
1.644091755151748657e-01
-1.504285782575607300e-01
1.582942754030227661e-01
1.997932344675064087e-01
3.287557661533355713e-01
8.766881376504898071e-02
1.385912597179412842e-01
1.956190019845962524e-01
-4.153756424784660339e-02
-7.861147820949554443e-02
-1.442426294088363647e-01
5.104603245854377747e-02
1.675472408533096313e-01
4.051749408245086670e-01
1.654892787337303162e-02
1.491435021162033081e-01
1.304139196872711182e-01
1.555767357349395752e-01
-1.369795203208923340e-01
1.718757301568984985e-01
2.405597865581512451e-01
4.271542131900787354e-01
1.182414665818214417e-01
4.357090294361114502e-01
3.233234286308288574e-01
2.223246246576309204e-01
2.532323002815246582e-01
2.888901829719543457e-01
7.141570746898651123e-02
2.990515828132629395e-01
-4.479416832327842712e-02
1.020939350128173828e-01
-5.681033432483673096e-02
-2.365922741591930389e-02
1.849474161863327026e-01
2.797948718070983887e-01
-9.082646667957305908e-02
2.081040292978286743e-01
3.081611692905426025e-01
3.368330299854278564e-01
2.919374108314514160e-01
1.770821511745452881e-01
2.144506871700286865e-01
1.958715319633483887e-01
3.246048986911773682e-01
2.727135717868804932e-01
2.438825219869613647e-01
1.789396554231643677e-01
2.369843125343322754e-01
1.346541941165924072e-01
1.572543382644653320e-01
1.610716879367828369e-01
2.691359519958496094e-01
3.264864385128021240e-01
3.366998434066772461e-01
3.394951522350311279e-01
2.813062071800231934e-01
3.177058994770050049e-01
2.277024537324905396e-01
9.995611011981964111e-02
2.395525872707366943e-01
8.426202833652496338e-02
1.203704848885536194e-01
2.636766433715820312e-01
4.301955401897430420e-01
1.922755539417266846e-01
4.250842630863189697e-01
2.786928415298461914e-01
2.308742702007293701e-01
3.447144627571105957e-01
-1.350965350866317749e-01
-2.434438280761241913e-02
8.698584139347076416e-02
9.303423762321472168e-02
2.665450572967529297e-01
2.571276426315307617e-01
6.391379982233047485e-02
3.474634587764739990e-01
2.290280014276504517e-01
1.898816227912902832e-01
2.378357201814651489e-01
4.112693667411804199e-01
4.795317053794860840e-01
2.073793709278106689e-01
2.310775034129619598e-02
-7.565741986036300659e-02
3.093135654926300049e-01
4.389120638370513916e-01
1.729294806718826294e-01
1.178805008530616760e-01
1.447172909975051880e-01
5.095688253641128540e-02
3.712321817874908447e-01
4.899941682815551758e-01
1.337650120258331299e-01
2.997788414359092712e-02
2.591165602207183838e-01
9.244967252016067505e-02
9.564840048551559448e-02
2.820282280445098877e-01
3.436091840267181396e-01
1.254484057426452637e-01
-1.490813679993152618e-02
2.547769546508789062e-01
4.527487158775329590e-01
1.883880235254764557e-02
1.583555787801742554e-01
1.881545484066009521e-01
1.538896262645721436e-01
1.983990818262100220e-01
2.653467953205108643e-01
6.848240643739700317e-02
2.265153378248214722e-01
1.045431941747665405e-01
1.611676365137100220e-01
3.683077991008758545e-01
2.288048528134822845e-02
2.944975532591342926e-02
6.360530108213424683e-02
2.094018310308456421e-01
2.043906897306442261e-01
2.675378024578094482e-01
2.311470359563827515e-01
9.822738170623779297e-02
3.025561571121215820e-01
-7.990468293428421021e-03
3.658535480499267578e-01
2.707828581333160400e-01
1.495869010686874390e-01
2.487481236457824707e-01
1.612233668565750122e-01
3.139722645282745361e-01
2.217936068773269653e-01
-1.096242889761924744e-01
1.258142590522766113e-01
-5.773567035794258118e-02
5.087853968143463135e-02
2.451093643903732300e-01
5.092777609825134277e-01
2.143287658691406250e-01
6.197902560234069824e-02
2.067510187625885010e-01
4.082235097885131836e-01
2.278652936220169067e-01
7.889188826084136963e-03
4.302205145359039307e-02
-1.101900637149810791e-01
2.717009782791137695e-01
2.655355446040630341e-02
1.672063469886779785e-01
-6.458606570959091187e-02
-1.327371448278427124e-01
-5.868662521243095398e-02
4.420673847198486328e-01
-6.659705936908721924e-02
1.323985755443572998e-01
5.407034978270530701e-02
1.669639497995376587e-01
-1.121743321418762207e-01
7.284492254257202148e-02
3.672932386398315430e-01
1.592143625020980835e-01
2.549163401126861572e-01
1.130475327372550964e-01
2.688445746898651123e-01
4.194321855902671814e-02
3.317621350288391113e-01
2.142318338155746460e-01
8.308375626802444458e-02
3.466692194342613220e-02
4.235959947109222412e-01
3.168270289897918701e-01
2.997698783874511719e-01
6.930332165211439133e-03
-1.936463825404644012e-02
-4.137133061885833740e-02
1.976322084665298462e-01
2.052532881498336792e-01
6.635155528783798218e-02
1.241201162338256836e-01
9.144294261932373047e-02
1.219235137104988098e-01
1.832276582717895508e-01
1.589995808899402618e-02
3.368438184261322021e-01
1.412981003522872925e-01
3.370077013969421387e-01
2.547642588615417480e-01
5.844417959451675415e-02
-1.626307070255279541e-01
2.776272222399711609e-02
3.327984213829040527e-01
-1.671561785042285919e-02
1.663244515657424927e-01
2.293967157602310181e-01
1.325768083333969116e-01
6.221496313810348511e-02
1.810781061649322510e-01
3.085040748119354248e-01
4.818276315927505493e-02
2.107390463352203369e-01
1.072238758206367493e-01
1.150400862097740173e-01
-8.682493865489959717e-02
5.035848170518875122e-02
1.506114155054092407e-01
4.205145407468080521e-03
3.545585572719573975e-01
2.652641832828521729e-01
9.684605896472930908e-02
3.192203640937805176e-01
2.078642100095748901e-01
-1.206446513533592224e-01
1.952495276927947998e-01
2.364901453256607056e-01
2.382177263498306274e-01
2.693663835525512695e-01
6.181082129478454590e-02
1.665261834859848022e-01
7.474142313003540039e-02
3.143915235996246338e-01
2.209383845329284668e-01
1.363949179649353027e-01
1.840624511241912842e-01
1.627022773027420044e-01
2.252525836229324341e-02
1.933371871709823608e-01
1.518882215023040771e-01
8.976907283067703247e-02
8.320554345846176147e-02
1.876824200153350830e-01
1.360050868242979050e-02
9.196776896715164185e-02
-7.813224568963050842e-03
4.448331519961357117e-02
2.380238026380538940e-01
3.228892385959625244e-02
3.039355874061584473e-01
2.464184463024139404e-01
1.089565381407737732e-01
4.047813713550567627e-01
7.951027899980545044e-02
1.581267863512039185e-01
2.490123510360717773e-01
1.834323555231094360e-01
-7.795832306146621704e-02
3.040770292282104492e-01
1.498467475175857544e-02
-1.305294483900070190e-01
4.209648072719573975e-01
2.908688485622406006e-01
3.081352412700653076e-01
1.390296220779418945e-01
2.365567022934556007e-03
2.851392030715942383e-01
3.517717719078063965e-01
2.755932211875915527e-01
1.677146553993225098e-01
1.216690167784690857e-01
2.281017452478408813e-01
1.406274139881134033e-01
2.184419184923171997e-01
1.373011711984872818e-02
3.227886855602264404e-01
4.532241523265838623e-01
2.559320330619812012e-01
9.119973331689834595e-02
-4.100484028458595276e-02
4.101080298423767090e-01
3.771474957466125488e-01
3.559736609458923340e-01
2.081297636032104492e-01
3.020258247852325439e-01
3.280542790889739990e-01
4.034198820590972900e-01
3.198751211166381836e-01
2.063988745212554932e-01
1.872684508562088013e-01
1.928156912326812744e-01
2.225743830204010010e-01
1.801796406507492065e-01
-5.778800323605537415e-02
3.555550798773765564e-02
3.847114145755767822e-01
1.877753287553787231e-01
3.493503630161285400e-01
1.379989087581634521e-01
1.319554150104522705e-01
3.072999417781829834e-01
4.299568235874176025e-01
3.567082807421684265e-02
3.466131687164306641e-01
3.712352812290191650e-01
2.393211126327514648e-01
2.725828289985656738e-01
2.532423436641693115e-01
2.960270345211029053e-01
2.023823708295822144e-01
-3.724958747625350952e-02
2.903214097023010254e-01
-5.315602943301200867e-02
1.204928085207939148e-01
2.242829352617263794e-01
-7.162614166736602783e-02
4.360346794128417969e-01
2.148903012275695801e-01
1.146457716822624207e-01
3.353647589683532715e-01
4.056222736835479736e-01
7.311827689409255981e-02
1.828771829605102539e-01
3.355077281594276428e-02
1.797100901603698730e-01
-1.319983750581741333e-01
1.442118883132934570e-01
-7.265163213014602661e-02
3.805258572101593018e-01
2.666018009185791016e-01
1.665545850992202759e-01
8.521842211484909058e-02
1.943236142396926880e-01
1.437116861343383789e-01
1.040864884853363037e-01
7.419559359550476074e-02
9.662777930498123169e-02
3.505307734012603760e-01
1.930132508277893066e-01
7.426510006189346313e-02
2.292791195213794708e-02
2.425915598869323730e-01
2.302914261817932129e-01
3.210997283458709717e-01
-1.060837730765342712e-01
-6.124334782361984253e-02
2.819593623280525208e-02
-1.004402060061693192e-02
4.316145181655883789e-02
2.570025622844696045e-01
2.241809219121932983e-01
2.940536737442016602e-01
1.116246730089187622e-01
8.640353381633758545e-02
2.033172994852066040e-01
1.320913285017013550e-01
2.484847158193588257e-01
4.145242273807525635e-03
1.980533897876739502e-01
-1.299061626195907593e-01
-8.095768094062805176e-02
9.528093039989471436e-02
2.348526567220687866e-01
2.280054241418838501e-01
2.047383934259414673e-01
-1.477782577276229858e-01
1.720549166202545166e-01
1.413245648145675659e-01
2.102443575859069824e-01
3.073760271072387695e-01
2.330091297626495361e-01
3.393617868423461914e-01
1.973243653774261475e-01
2.043699771165847778e-01
-4.719253629446029663e-02
1.016643419861793518e-01
3.456701338291168213e-01
2.060239613056182861e-01
4.054149985313415527e-01
2.381739914417266846e-01
1.074418202042579651e-01
7.923515141010284424e-02
3.741820156574249268e-01
2.747734189033508301e-01
3.229047060012817383e-01
-3.343991562724113464e-02
9.105465561151504517e-02
2.783032953739166260e-01
2.960287407040596008e-02
-5.184960737824440002e-02
2.598223686218261719e-01
1.148643195629119873e-01
-1.094125118106603622e-02
4.714753925800323486e-01
1.800576895475387573e-01
1.133758425712585449e-01
1.795778870582580566e-01
-9.951718896627426147e-02
5.067284405231475830e-02
2.692976891994476318e-01
2.029278576374053955e-01
3.100879788398742676e-01
3.408629596233367920e-01
2.001956850290298462e-01
-4.034905508160591125e-02
8.372405916452407837e-02
1.085008233785629272e-01
-9.900022298097610474e-03
1.438174843788146973e-01
2.398630380630493164e-01
1.770511828362941742e-02
-2.001936733722686768e-02
-6.457245908677577972e-04
6.778948009014129639e-02
5.719188451766967773e-01
1.845151036977767944e-01
2.734249532222747803e-01
1.608602851629257202e-01
3.586295247077941895e-01
2.697453498840332031e-01
-8.172050863504409790e-02
-1.542136967182159424e-01
3.857570290565490723e-01
1.755561828613281250e-01
-2.425192110240459442e-02
2.581434249877929688e-01
1.223456859588623047e-01
2.629722952842712402e-01
6.617297977209091187e-02
2.513922750949859619e-01
-8.535329997539520264e-02
1.558137387037277222e-01
2.734933197498321533e-01
2.241313904523849487e-01
2.125177532434463501e-02
7.460781931877136230e-02
1.342142820358276367e-01
8.685340732336044312e-02
1.911909729242324829e-01
2.668812870979309082e-01
-6.016873568296432495e-02
-1.530772307887673378e-03
3.999615609645843506e-01
6.693486124277114868e-02
-2.988280057907104492e-01
3.531461656093597412e-01
3.737434148788452148e-01
2.279035001993179321e-02
-5.179183557629585266e-02
1.097408160567283630e-01
6.121692713350057602e-03
3.756709396839141846e-02
4.286187887191772461e-02
1.267467141151428223e-01
4.815017804503440857e-02
2.079476267099380493e-01
3.269270360469818115e-01
2.310278117656707764e-01
-9.041160345077514648e-03
2.907875776290893555e-01
-1.832721941173076630e-02
1.954499632120132446e-01
8.848270028829574585e-02
4.033850431442260742e-01
1.441249251365661621e-02
2.225440181791782379e-02
-7.291042804718017578e-02
2.121307402849197388e-01
2.892058491706848145e-01
3.004637956619262695e-01
9.459283947944641113e-02
1.057264357805252075e-01
3.686781525611877441e-01
4.320369958877563477e-01
5.436185002326965332e-01
2.631716430187225342e-01
4.527787119150161743e-02
3.332659304141998291e-01
7.983599603176116943e-02
1.959612071514129639e-01
1.166502237319946289e-01
7.896719127893447876e-02
2.185482382774353027e-01
7.999984920024871826e-02
2.005138397216796875e-01
1.174728646874427795e-01
-1.415360905230045319e-02
1.310565173625946045e-01
8.557820320129394531e-02
2.051915824413299561e-01
1.498906612396240234e-01
1.541242599487304688e-01
2.203685045242309570e-01
2.051194896921515465e-03
3.600603640079498291e-01
3.256801664829254150e-01
-3.620984405279159546e-02
1.991299353539943695e-02
2.372857630252838135e-01
2.204892188310623169e-01
-1.723158359527587891e-02
2.099786885082721710e-02
2.825762331485748291e-01
1.413508206605911255e-01
-2.766391448676586151e-02
-2.214374020695686340e-02
1.220981553196907043e-01
1.788297593593597412e-01
1.839425116777420044e-01
1.957271844148635864e-01
1.727513819932937622e-01
-1.455813050270080566e-01
6.058091297745704651e-02
-5.299727618694305420e-02
-6.523001007735729218e-03
2.722764909267425537e-01
1.747440695762634277e-01
2.756238579750061035e-01
3.154281973838806152e-01
-9.557881951332092285e-02
1.997027546167373657e-02
5.605258047580718994e-03
1.934344321489334106e-01
-2.776665426790714264e-02
4.205591678619384766e-01
2.207590341567993164e-01
1.394982635974884033e-01
2.617044448852539062e-01
2.132947593927383423e-01
3.298267424106597900e-01
1.506058871746063232e-02
1.023407876491546631e-01
8.355288952589035034e-02
4.982620850205421448e-02
-7.371328771114349365e-02
-5.757367983460426331e-02
1.858987957239151001e-01
8.690545707941055298e-02
5.283383280038833618e-02
3.513505756855010986e-01
1.975245475769042969e-01
-1.365645416080951691e-02
1.718858927488327026e-01
1.122807785868644714e-01
-3.857890143990516663e-02
4.144782721996307373e-01
3.205847442150115967e-01
1.682742871344089508e-02
2.905671000480651855e-01
3.215928971767425537e-01
4.662833511829376221e-01
6.967021524906158447e-02
-1.786213740706443787e-02
-4.073449596762657166e-02
4.902587831020355225e-02
3.466573655605316162e-01
7.467984408140182495e-02
5.144282430410385132e-02
3.779813349246978760e-01
1.800085753202438354e-01
1.111714094877243042e-01
2.164374887943267822e-01
8.658868074417114258e-02
1.543805301189422607e-01
2.029296904802322388e-01
-7.016158633632585406e-05
4.593496322631835938e-01
-6.690698862075805664e-02
1.186472848057746887e-01
-1.466424670070409775e-02
-1.612320356070995331e-02
-2.313538938760757446e-01
2.671465277671813965e-01
5.800630152225494385e-02
-1.218188554048538208e-01
6.643864512443542480e-02
2.644433081150054932e-01
3.232533931732177734e-01
1.932695508003234863e-01
-6.580004841089248657e-02
2.032497376203536987e-01
2.930994629859924316e-01
-1.290494799613952637e-01
-1.216700747609138489e-01
1.483651250600814819e-01
1.710745841264724731e-01
2.626882791519165039e-01
3.410403728485107422e-01
2.528365254402160645e-01
1.559590548276901245e-01
4.811754524707794189e-01
-4.623519629240036011e-02
6.097227334976196289e-02
2.103411033749580383e-02
2.793076820671558380e-02
1.921818107366561890e-01
3.601481318473815918e-01
6.817722169216722250e-05
2.465438693761825562e-01
-1.192432418465614319e-01
3.280720114707946777e-01
1.193156018853187561e-01
-2.636630088090896606e-02
-1.188109144568443298e-01
1.643283665180206299e-01
2.818944156169891357e-01
2.459467351436614990e-01
1.693541109561920166e-01
7.457250729203224182e-03
1.902480870485305786e-01
4.870495200157165527e-02
1.138383969664573669e-01
2.317767590284347534e-01
4.072695374488830566e-01
-4.041543230414390564e-02
8.878678083419799805e-02
1.000415608286857605e-01
1.173035800457000732e-01
2.461887747049331665e-01
2.852290272712707520e-01
-6.883028894662857056e-02
3.609617352485656738e-01
2.129757553339004517e-01
1.270070225000381470e-01
2.291563600301742554e-01
9.626609832048416138e-02
2.550783157348632812e-01
1.436339765787124634e-01
2.337721139192581177e-01
-6.156696006655693054e-02
-1.811296492815017700e-02
2.829227745532989502e-01
4.406177625060081482e-02
3.604921698570251465e-02
1.927598118782043457e-01
4.667730033397674561e-01
2.632968723773956299e-01
3.049541637301445007e-02
2.531217634677886963e-01
1.760176718235015869e-01
1.798080503940582275e-01
4.766402766108512878e-03
1.613628566265106201e-01
3.226146101951599121e-01
1.282999515533447266e-01
5.533981323242187500e-01
5.461789201945066452e-03
1.575235426425933838e-01
-9.274062700569629669e-03
-1.202419027686119080e-01
2.592346668243408203e-01
3.038927316665649414e-01
2.347523570060729980e-01
3.564381897449493408e-01
1.732833683490753174e-01
-1.389978975057601929e-01
3.039545379579067230e-02
2.006157189607620239e-01
5.218918249011039734e-02
-5.964734032750129700e-02
-5.658932030200958252e-02
1.692814826965332031e-01
2.086288183927536011e-01
7.042891532182693481e-02
1.746657937765121460e-01
7.677546143531799316e-02
5.779664218425750732e-02
-1.115677356719970703e-01
3.483201563358306885e-01
5.964764952659606934e-02
1.279683597385883331e-02
4.254942387342453003e-02
2.559337317943572998e-01
2.150230258703231812e-01
2.057412862777709961e-01
1.058255136013031006e-01
-7.860055193305015564e-03
1.251379400491714478e-01
-1.128614787012338638e-02
1.437852084636688232e-01
2.353996634483337402e-01
3.991414234042167664e-02
1.390254050493240356e-01
1.513867378234863281e-01
-1.619218736886978149e-01
2.951366305351257324e-01
-1.851097680628299713e-02
1.371932923793792725e-01
3.475355803966522217e-01
-4.600334167480468750e-02
1.821705847978591919e-01
2.565571367740631104e-01
-6.849057227373123169e-02
2.795354425907135010e-01
5.413199588656425476e-02
2.919263839721679688e-01
-1.559908688068389893e-02
-2.139146067202091217e-02
1.504687219858169556e-01
1.995186656713485718e-01
3.003545403480529785e-01
-8.764653652906417847e-02
2.343209385871887207e-01
3.566645681858062744e-01
1.212894693017005920e-01
1.753437668085098267e-01
2.410708069801330566e-01
-6.540383398532867432e-02
2.174605578184127808e-01
2.502824962139129639e-01
9.170259535312652588e-02
1.488466411828994751e-01
8.058845996856689453e-02
2.017339020967483521e-01
-8.894922584295272827e-02
2.940654158592224121e-01
1.080742180347442627e-01
1.478616148233413696e-01
9.717215597629547119e-02
2.472120225429534912e-01
1.229003295302391052e-01
7.050129771232604980e-02
2.259462624788284302e-01
4.951054230332374573e-02
1.146360933780670166e-01
1.232776716351509094e-01
-2.695039473474025726e-02
1.046781912446022034e-01
3.063090741634368896e-01
1.622644364833831787e-01
2.940570414066314697e-01
2.080522179603576660e-01
4.864722117781639099e-02
1.097285151481628418e-01
1.406035423278808594e-01
2.963778674602508545e-01
1.017650738358497620e-01
1.897432655096054077e-01
1.568579524755477905e-01
2.599236667156219482e-01
3.052830100059509277e-01
3.126074969768524170e-01
-2.955076284706592560e-02
5.698409080505371094e-01
1.143685951828956604e-01
3.756176531314849854e-01
8.333147317171096802e-02
3.438293039798736572e-01
-3.069298267364501953e-01
2.329370081424713135e-01
3.486691713333129883e-01
1.886686533689498901e-01
5.459694862365722656e-01
3.534691333770751953e-01
3.948609158396720886e-02
6.513941287994384766e-02
2.775644361972808838e-01
1.301649957895278931e-01
5.966866016387939453e-02
-9.464038908481597900e-02
-5.291128158569335938e-02
3.620741665363311768e-01
9.594450145959854126e-02
1.391080617904663086e-01
3.129699230194091797e-01
1.740075498819351196e-01
3.390959501266479492e-01
1.129795610904693604e-02
5.291278474032878876e-03
-2.186639793217182159e-02
1.662251949310302734e-01
2.606127858161926270e-01
2.096594423055648804e-01
3.644823133945465088e-01
2.467296421527862549e-01
2.424097210168838501e-01
1.664039194583892822e-01
7.528122514486312866e-02
1.640263497829437256e-01
3.853850066661834717e-01
4.008156955242156982e-01
2.964492440223693848e-01
1.374750025570392609e-02
2.009584158658981323e-01
-1.193599179387092590e-01
3.239337801933288574e-01
1.588209271430969238e-01
3.653618507087230682e-03
-5.399644002318382263e-02
3.332368731498718262e-01
2.384367138147354126e-01
-6.906360387802124023e-03
4.465786218643188477e-01
3.672516047954559326e-01
1.408113390207290649e-01
2.320252060890197754e-01
2.914649546146392822e-01
3.242949545383453369e-01
3.589014336466789246e-02
1.635093986988067627e-01
2.549583613872528076e-01
2.865307405591011047e-02
1.495571136474609375e-01
3.696530461311340332e-01
2.191194891929626465e-01
1.970008462667465210e-01
-7.647122722119092941e-03
-6.740399450063705444e-02
3.137835860252380371e-01
1.374260485172271729e-01
2.641144394874572754e-01
1.093892604112625122e-01
1.894463598728179932e-01
-1.357992005068808794e-04
9.436611831188201904e-02
1.980574578046798706e-01
2.116779983043670654e-01
1.130661740899085999e-01
3.327257931232452393e-02
1.852764487266540527e-01
-6.887884438037872314e-02
1.470192223787307739e-01
1.893990784883499146e-01
8.850030601024627686e-02
2.169847339391708374e-01
2.626414000988006592e-01
1.798641681671142578e-01
3.095141053199768066e-02
2.378508597612380981e-01
2.539514005184173584e-01
3.217821419239044189e-01
2.047313004732131958e-01
5.379838347434997559e-01
3.026685118675231934e-02
-1.298663020133972168e-01
2.362472191452980042e-02
-9.794136136770248413e-02
1.778240203857421875e-01
5.331945046782493591e-02
2.297827154397964478e-01
-2.558092586696147919e-02
4.249343872070312500e-01
2.762543857097625732e-01
-9.335948154330253601e-03
1.050934419035911560e-01
-8.024401217699050903e-02
2.303307503461837769e-01
1.322845965623855591e-01
5.909995734691619873e-02
5.774747952818870544e-02
7.174118608236312866e-02
3.897464573383331299e-01
-1.763855516910552979e-01
1.659938842058181763e-01
3.694868087768554688e-01
1.069129928946495056e-01
2.044308036565780640e-01
-2.640226297080516815e-02
1.820875853300094604e-01
2.434298694133758545e-01
3.324730396270751953e-01
3.046925365924835205e-01
3.872927427291870117e-01
2.048642784357070923e-01
1.112033054232597351e-01
2.763094604015350342e-01
4.159873351454734802e-02
1.332416087388992310e-01
3.126886487007141113e-01
-1.767703145742416382e-02
1.017796248197555542e-01
3.341954946517944336e-01
1.780331581830978394e-01
3.179568350315093994e-01
2.748773694038391113e-01
2.487924396991729736e-01
-9.942459315061569214e-02
2.638781666755676270e-01
-5.373483896255493164e-02
1.894461214542388916e-01
5.864981934428215027e-02
1.198723074048757553e-02
3.677428960800170898e-01
5.014136806130409241e-02
1.145245358347892761e-01
2.264728844165802002e-01
2.701421454548835754e-02
2.274047881364822388e-01
1.731877923011779785e-01
1.170420646667480469e-01
1.917489022016525269e-01
2.939478456974029541e-01
-1.211905330419540405e-01
3.007730245590209961e-01
-5.195093899965286255e-02
2.565202713012695312e-01
9.342619031667709351e-02
-1.468589901924133301e-01
5.144417285919189453e-01
5.937600880861282349e-02
4.998774453997612000e-02
8.508209884166717529e-02
8.561128377914428711e-02
4.607427120208740234e-01
3.546106517314910889e-01
1.985335946083068848e-01
2.439417690038681030e-01
1.980098187923431396e-01
2.111018300056457520e-01
-4.252791777253150940e-02
3.184585571289062500e-01
1.041378229856491089e-01
8.263517171144485474e-02
1.734586060047149658e-01
2.072631418704986572e-01
1.577999293804168701e-01
6.821600347757339478e-02
1.256818175315856934e-01
2.511265575885772705e-01
8.172372356057167053e-03
2.948724031448364258e-01
-3.587085753679275513e-02
2.903394401073455811e-01
-6.808560341596603394e-02
3.364000022411346436e-01
3.271692991256713867e-01
6.718986667692661285e-03
2.031434029340744019e-01
1.611666232347488403e-01
3.608910739421844482e-01
2.896630167961120605e-01
3.632926568388938904e-02
8.483912795782089233e-02
2.892210520803928375e-02
3.507079780101776123e-01
9.302565595135092735e-04
8.439961820840835571e-02
2.734546959400177002e-01
1.393708437681198120e-01
-2.899200422689318657e-03
2.854119613766670227e-02
3.340652883052825928e-01
-1.597689539194107056e-01
1.196647882461547852e-01
2.455790191888809204e-01
5.709161236882209778e-02
3.499911129474639893e-01
8.322866633534431458e-03
-1.637831181287765503e-01
-8.542713522911071777e-02
-1.850620470941066742e-02
3.166688978672027588e-02
2.422343641519546509e-01
5.489989416673779488e-04
5.803606472909450531e-03
1.382923871278762817e-01
4.904075264930725098e-01
3.104337751865386963e-01
2.536718249320983887e-01
3.401934728026390076e-02
2.342340648174285889e-01
1.365743875503540039e-01
1.161696687340736389e-01
2.836192585527896881e-02
6.047666072845458984e-02
4.719537496566772461e-01
2.007502019405364990e-01
1.676295101642608643e-01
1.100091338157653809e-01
1.983344852924346924e-01
-1.589568145573139191e-02
1.540835201740264893e-01
3.266307711601257324e-01
6.090906858444213867e-01
9.458747506141662598e-02
1.622541993856430054e-01
5.769210308790206909e-02
1.224570199847221375e-01
2.207783609628677368e-01
1.866277605295181274e-01
3.307455182075500488e-01
3.408766090869903564e-01
2.511605024337768555e-01
-3.148453310132026672e-02
4.144521430134773254e-03
1.314737796783447266e-01
9.925037622451782227e-02
3.408914059400558472e-02
6.626279652118682861e-02
-4.607614129781723022e-02
6.994662433862686157e-02
3.721667826175689697e-01
-6.852232851088047028e-03
2.293335944414138794e-01
3.440449237823486328e-01
-1.855349093675613403e-01
4.483988881111145020e-01
2.331310510635375977e-01
3.351571559906005859e-01
1.886610686779022217e-01
2.313812077045440674e-01
2.081711441278457642e-01
2.035110294818878174e-01
-1.932226680219173431e-02
-5.426133796572685242e-02
1.465040892362594604e-01
-2.493265457451343536e-02
1.947193443775177002e-01
6.768836081027984619e-02
3.921942412853240967e-01
3.497953712940216064e-01
1.091383323073387146e-01
4.142873585224151611e-01
2.432656884193420410e-01
2.095319181680679321e-01
3.315969109535217285e-01
1.114081293344497681e-01
5.006871744990348816e-02
9.144777804613113403e-02
1.903771162033081055e-01
-4.383494704961776733e-02
1.567122787237167358e-01
3.767351806163787842e-02
2.729331552982330322e-01
5.364695936441421509e-02
1.356378849595785141e-02
1.976974010467529297e-01
1.631898730993270874e-01
1.216189786791801453e-01
2.198298424482345581e-01
3.266793489456176758e-01
7.653347682207822800e-03
3.424943983554840088e-01
1.847258768975734711e-02
3.002716600894927979e-01
4.428555071353912354e-01
4.729512333869934082e-02
-5.216223374009132385e-02
1.492029130458831787e-01
2.367222011089324951e-01
2.272303849458694458e-01
1.917148195207118988e-02
5.578469634056091309e-01
1.001830399036407471e-01
-9.423749148845672607e-02
1.580995321273803711e-01
9.999572299420833588e-03
5.053185299038887024e-02
9.018768370151519775e-02
9.986297041177749634e-02
2.310824394226074219e-01
1.464714705944061279e-01
1.740207970142364502e-01
-4.235858842730522156e-02
-3.830924257636070251e-02
4.414737224578857422e-01
1.368745416402816772e-01
3.553538620471954346e-01
1.869706660509109497e-01
4.098322689533233643e-01
1.501811891794204712e-01
4.081340730190277100e-01
1.100421790033578873e-02
9.070666879415512085e-02
-2.811532467603683472e-02
1.187876313924789429e-01
1.920018196105957031e-01
3.629139363765716553e-01
3.105316683650016785e-02
1.931750029325485229e-01
3.652759129181504250e-03
4.676533341407775879e-01
-2.228274755179882050e-02
2.506892085075378418e-01
1.970808655023574829e-01
-2.105413237586617470e-03
1.684020459651947021e-01
6.721220165491104126e-02
3.293521702289581299e-01
5.630615726113319397e-02
8.535957336425781250e-02
8.982657641172409058e-02
3.299681246280670166e-01
-1.659233681857585907e-02
1.900195181369781494e-01
3.717488348484039307e-01
1.644832491874694824e-01
2.752269208431243896e-01
3.322377502918243408e-01
1.527431309223175049e-01
3.390886783599853516e-01
-1.468792743980884552e-02
1.168522015213966370e-01
2.318972498178482056e-01
1.003355905413627625e-01
1.095913723111152649e-01
-1.277017686516046524e-02
1.620364189147949219e-01
1.877842247486114502e-01
4.623909946531057358e-03
1.535390317440032959e-01
1.062912642955780029e-01
3.244941830635070801e-01
1.080889254808425903e-01
1.237282156944274902e-01
1.992441564798355103e-01
2.073502391576766968e-01
-7.508795708417892456e-02
1.267262920737266541e-02
9.669696539640426636e-02
2.663229107856750488e-01
1.273773908615112305e-01
2.399878203868865967e-01
1.170023307204246521e-01
2.759868204593658447e-01
-6.555978953838348389e-02
6.817208975553512573e-02
4.207749962806701660e-01
2.458044886589050293e-01
1.072626784443855286e-01
2.784293889999389648e-01
1.018028706312179565e-01
2.004023343324661255e-01
2.636594139039516449e-02
3.983055949211120605e-01
2.833032310009002686e-01
1.833190023899078369e-01
3.051711320877075195e-01
3.124363124370574951e-01
2.887904047966003418e-01
2.640248835086822510e-01
1.734421588480472565e-02
3.084533214569091797e-01
3.208906054496765137e-01
4.142097383737564087e-02
2.426247596740722656e-01
1.618115156888961792e-01
1.441140323877334595e-01
-2.737085334956645966e-02
2.048352211713790894e-01
-1.337350718677043915e-02
2.187600880861282349e-01
6.785184144973754883e-02
2.402473539113998413e-01
-3.109532408416271210e-03
1.641665846109390259e-01
1.651839003898203373e-03
2.449450045824050903e-01
1.148282811045646667e-01
1.631634309887886047e-02
9.890363365411758423e-02
2.737189829349517822e-01
-1.520941108465194702e-01
6.554290652275085449e-02
2.721737623214721680e-01
2.082606703042984009e-01
2.990565299987792969e-01
8.680941164493560791e-02
6.052427366375923157e-02
2.497716099023818970e-01
1.725955009460449219e-01
1.042000874876976013e-01
4.194131866097450256e-02
1.944610178470611572e-01
1.665181666612625122e-01
3.192794620990753174e-01
2.267081439495086670e-01
1.548552364110946655e-01
1.625526249408721924e-01
1.500098854303359985e-01
-3.518537059426307678e-02
2.174707055091857910e-01
-4.677097126841545105e-02
1.009360775351524353e-01
1.554743200540542603e-01
8.040790259838104248e-02
-6.943757086992263794e-02
7.624249160289764404e-02
-2.046271227300167084e-02
-1.195028498768806458e-01
3.179084658622741699e-01
1.975413598120212555e-02
2.812593877315521240e-01
6.128557398915290833e-02
-5.703010782599449158e-02
3.287247121334075928e-01
2.183060050010681152e-01
7.314727455377578735e-02
6.791362911462783813e-02
1.599468141794204712e-01
3.973292112350463867e-01
2.868793904781341553e-01
3.522697687149047852e-01
3.231561183929443359e-01
8.832592517137527466e-02
1.380535066127777100e-01
1.954398900270462036e-01
1.591858118772506714e-01
5.610635876655578613e-02
5.130920186638832092e-02
2.882557511329650879e-01
2.234027385711669922e-01
1.453567594289779663e-01
3.433675467967987061e-01
1.868847608566284180e-01
-5.116858333349227905e-02
2.418977469205856323e-01
6.796576827764511108e-02
3.605569601058959961e-01
3.055351078510284424e-01
3.618707060813903809e-01
2.571381926536560059e-01
6.663101911544799805e-02
1.972990185022354126e-01
1.874301768839359283e-02
1.993360370397567749e-01
1.020342558622360229e-01
3.861951455473899841e-02
1.229648888111114502e-01
3.278400003910064697e-02
1.457124203443527222e-01
2.044438123703002930e-01
2.796759009361267090e-01
9.992408752441406250e-02
-1.721644997596740723e-01
2.436451613903045654e-01
9.332507103681564331e-02
-9.264315664768218994e-02
2.733067274093627930e-01
1.595533452928066254e-02
1.129045560956001282e-01
-1.010142918676137924e-02
6.610816717147827148e-02
2.685410678386688232e-01
-1.401309156790375710e-03
1.422578692436218262e-01
1.961120367050170898e-01
2.478554099798202515e-01
1.504036337137222290e-01
3.200168907642364502e-01
1.407926082611083984e-01
3.846556246280670166e-01
-1.279619634151458740e-01
1.432145833969116211e-01
1.206201389431953430e-01
1.575972139835357666e-01
1.314495652914047241e-01
5.695647001266479492e-02
1.512605547904968262e-01
1.819625794887542725e-01
7.553324848413467407e-02
-8.561850339174270630e-02
1.865971833467483521e-01
1.414029002189636230e-01
2.078772187232971191e-01
-1.752659529447555542e-01
1.498064100742340088e-01
3.633213639259338379e-01
8.722923696041107178e-02
2.712790071964263916e-01
1.269298046827316284e-01
3.649165630340576172e-01
2.589070200920104980e-01
1.736715883016586304e-01
-1.078114137053489685e-01
1.701062768697738647e-01
1.276566386222839355e-01
1.375790983438491821e-01
1.543000042438507080e-01
-1.563511043787002563e-02
4.197756573557853699e-02
1.897638142108917236e-01
2.535511255264282227e-01
2.857774198055267334e-01
-5.552963912487030029e-02
3.937190771102905273e-02
4.329512640833854675e-02
-4.100165143609046936e-02
2.043933123350143433e-01
-5.489242728799581528e-03
1.279442012310028076e-01
2.256351411342620850e-01
2.916010469198226929e-02
1.745537072420120239e-01
2.116980552673339844e-01
-1.648570597171783447e-01
6.084965169429779053e-02
7.754234969615936279e-02
6.116046756505966187e-02
4.113028571009635925e-02
7.300997152924537659e-03
1.374134868383407593e-01
7.605767250061035156e-02
2.281088083982467651e-01
2.097745835781097412e-01
1.563943922519683838e-02
2.186491489410400391e-01
3.260239958763122559e-01
8.650525659322738647e-02
3.485004901885986328e-01
3.947224915027618408e-01
3.275500982999801636e-02
8.328219503164291382e-02
2.248979061841964722e-01
8.438113331794738770e-02
2.535849213600158691e-01
6.922447681427001953e-02
5.069145560264587402e-02
7.339092437177896500e-03
9.105806052684783936e-02
1.193822324275970459e-01
3.022064864635467529e-01
1.789324283599853516e-01
1.025621369481086731e-01
-5.608148500323295593e-02
2.461345493793487549e-01
7.794517278671264648e-02
4.048116207122802734e-01
9.958679229021072388e-02
-1.380522083491086960e-02
5.602729320526123047e-01
6.127665191888809204e-02
1.795821189880371094e-01
5.365112796425819397e-02
1.998257339000701904e-01
2.716386318206787109e-01
1.285714060068130493e-01
5.204601958394050598e-02
2.585406005382537842e-01
2.712716460227966309e-01
5.567168444395065308e-02
9.091636538505554199e-02
2.110849767923355103e-01
2.828412353992462158e-01
-5.417649168521165848e-03
4.782791733741760254e-01
3.630144596099853516e-01
4.193721711635589600e-01
1.300377845764160156e-01
1.781542748212814331e-01
1.384297758340835571e-01
1.465090662240982056e-01
1.754795014858245850e-01
1.911814808845520020e-01
1.247419193387031555e-01
-8.388981223106384277e-02
2.120006084442138672e-01
6.190162152051925659e-02
-4.218912869691848755e-02
3.056364953517913818e-01
1.961301714181900024e-01
1.360623836517333984e-01
2.746022343635559082e-01
6.455390155315399170e-02
1.026953458786010742e-01
2.458231896162033081e-01
2.739658355712890625e-01
1.187304593622684479e-02
3.710511326789855957e-01
1.654286235570907593e-01
3.698300421237945557e-01
-9.632240980863571167e-03
7.255563139915466309e-02
1.119727864861488342e-01
1.956014893949031830e-03
2.772037386894226074e-01
1.028308570384979248e-01
3.609387204051017761e-02
1.454676985740661621e-01
2.517555281519889832e-02
-4.800910502672195435e-02
3.638458624482154846e-02
1.787927560508251190e-02
2.976146936416625977e-01
2.904326617717742920e-01
3.843076825141906738e-01
2.323164641857147217e-01
2.269083708524703979e-01
2.427928000688552856e-01
-1.357007399201393127e-02
2.141971737146377563e-01
2.095044702291488647e-01
4.202646315097808838e-01
-7.428164035081863403e-02
1.560517698526382446e-01
4.142199158668518066e-01
-1.751586347818374634e-01
9.454771876335144043e-03
4.851518943905830383e-02
2.978031896054744720e-02
1.921829283237457275e-01
-2.976976148784160614e-02
2.725796774029731750e-03
-2.277411147952079773e-02
-3.504675999283790588e-02
5.695477724075317383e-01
3.780525326728820801e-01
2.035248726606369019e-01
2.931112945079803467e-01
3.990916535258293152e-02
1.868827044963836670e-01
6.707140803337097168e-02
-2.020363323390483856e-02
1.156812310218811035e-01
1.841021925210952759e-01
1.912983953952789307e-01
-4.738357663154602051e-02
3.753180205821990967e-01
2.233764231204986572e-01
2.271837089210748672e-03
2.889967262744903564e-01
1.504827756434679031e-02
-8.777877315878868103e-03
2.579216659069061279e-01
1.091304570436477661e-01
2.900236472487449646e-02
2.527063786983489990e-01
-4.468580707907676697e-02
2.092383950948715210e-01
2.509807348251342773e-01
6.438530981540679932e-02
5.029870197176933289e-03
2.998125553131103516e-02
-4.009512439370155334e-02
9.568744897842407227e-02
1.742060631513595581e-01
-1.052333861589431763e-01
1.390190422534942627e-01
2.378019392490386963e-01
2.416204810142517090e-01
4.175188541412353516e-01
6.077945232391357422e-02
5.139362812042236328e-01
2.891083946451544762e-03
1.479374766349792480e-01
-1.653175503015518188e-01
3.169168531894683838e-01
3.114846944808959961e-01
1.637845039367675781e-01
2.224111407995223999e-01
1.607405692338943481e-01
1.753329485654830933e-01
2.647503912448883057e-01
2.359389662742614746e-01
3.247683942317962646e-01
-1.398269981145858765e-01
2.808539569377899170e-01
2.305026352405548096e-01
-8.362255245447158813e-02
4.125788509845733643e-01
4.860169067978858948e-02
5.744913965463638306e-02
2.491813898086547852e-01
3.976226150989532471e-01
3.380208909511566162e-01
2.056647092103958130e-01
1.646059937775135040e-02
1.157315298914909363e-01
2.902425229549407959e-01
3.336389362812042236e-01
1.460776329040527344e-01
-1.203788146376609802e-01
5.888028442859649658e-02
8.363252878189086914e-02
3.786929249763488770e-01
5.496435798704624176e-03
2.161450982093811035e-01
3.501318693161010742e-01
5.581136792898178101e-02
3.743074238300323486e-01
1.302170157432556152e-01
2.633357979357242584e-02
1.896586716175079346e-01
6.026330962777137756e-02
2.475909292697906494e-01
2.099934816360473633e-01
-8.901253342628479004e-02
2.302736341953277588e-01
9.259156882762908936e-02
1.260639727115631104e-01
7.105292379856109619e-02
2.174959331750869751e-01
1.202251315116882324e-01
1.457002460956573486e-01
-2.002679258584976196e-01
5.242800712585449219e-02
-2.163730859756469727e-01
3.827076777815818787e-02
1.110691502690315247e-01
2.259084135293960571e-01
-4.368919506669044495e-02
-1.285883225500583649e-02
1.432155072689056396e-01
1.555326133966445923e-01
4.122493565082550049e-01
-1.457917224615812302e-02
5.864258855581283569e-02
4.965315759181976318e-01
1.852072775363922119e-01
-1.057526618242263794e-01
-3.753532946575433016e-04
2.768952846527099609e-01
1.505604088306427002e-01
3.236731290817260742e-01
4.235440492630004883e-01
-4.535011947154998779e-02
1.893286257982254028e-01
2.415313571691513062e-01
-4.850909486413002014e-02
4.190268814563751221e-01
4.119136333465576172e-01
-2.817363105714321136e-02
2.094696760177612305e-01
-3.258090317249298096e-01
1.143773868680000305e-01
1.565712094306945801e-01
2.388983666896820068e-01
1.745172590017318726e-01
2.962369620800018311e-01
3.877872824668884277e-01
-4.527186602354049683e-02
3.769042491912841797e-01
8.580625802278518677e-02
1.429245769977569580e-01
1.117281913757324219e-01
4.501086100935935974e-02
1.023248434066772461e-01
1.711086630821228027e-01
9.383586794137954712e-02
1.257783472537994385e-01
4.247733652591705322e-01
1.894947588443756104e-01
1.551824212074279785e-01
1.756013333797454834e-01
-4.116088524460792542e-02
-2.071514278650283813e-01
3.602230250835418701e-01
3.702834621071815491e-02
-6.781559437513351440e-02
3.914632201194763184e-01
2.303525954484939575e-01
1.221132278442382812e-01
1.911256462335586548e-01
-9.648697823286056519e-02
1.810024827718734741e-01
2.954600378870964050e-02
-4.148649796843528748e-02
6.106741353869438171e-02
2.299535274505615234e-02
1.862135231494903564e-01
2.610002830624580383e-02
3.784869611263275146e-02
2.036333233118057251e-01
1.629256904125213623e-01
5.313594639301300049e-02
1.676572710275650024e-01
3.273573517799377441e-02
4.219750761985778809e-01
2.932284176349639893e-01
1.828728914260864258e-01
2.185572981834411621e-01
2.848289608955383301e-01
2.084487974643707275e-01
2.454226464033126831e-01
-3.626467660069465637e-03
2.871213555335998535e-01
-8.462395519018173218e-02
4.176442921161651611e-01
6.914853304624557495e-02
1.296381056308746338e-01
1.361530870199203491e-01
3.045781254768371582e-01
2.606271505355834961e-01
2.805590033531188965e-01
1.404424160718917847e-01
4.736972451210021973e-01
2.198826372623443604e-01
3.826268762350082397e-02
1.239534616470336914e-01
2.692739367485046387e-01
5.302858352661132812e-02
4.819585010409355164e-02
3.688351809978485107e-01
5.328329652547836304e-02
1.784786954522132874e-02
3.270528614521026611e-01
1.814318597316741943e-01
2.644058763980865479e-01
2.537079155445098877e-01
1.070016771554946899e-01
2.487143576145172119e-01
1.985434740781784058e-01
1.614112555980682373e-01
3.562926128506660461e-02
1.872671097517013550e-01
5.323871225118637085e-02
1.010769009590148926e-01
1.456213295459747314e-01
-2.519162138924002647e-03
2.584371902048587799e-02
2.167444974184036255e-01
8.929072320461273193e-02
1.117275953292846680e-01
3.374682068824768066e-01
-6.395667325705289841e-03
2.678126692771911621e-01
5.251931771636009216e-02
3.971252441406250000e-01
1.564812362194061279e-01
3.781733512878417969e-01
1.057382449507713318e-01
3.317525386810302734e-01
1.635170131921768188e-01
8.773107826709747314e-02
8.974395692348480225e-02
8.165547996759414673e-02
3.116737604141235352e-01
3.248523175716400146e-01
1.032886803150177002e-01
1.728003174066543579e-01
-1.634225398302078247e-01
7.741230726242065430e-02
5.986916273832321167e-02
1.271004378795623779e-01
2.749849557876586914e-01
2.868883311748504639e-01
3.322257995605468750e-01
2.636674344539642334e-01
2.450397163629531860e-01
1.822949796915054321e-01
5.748162791132926941e-02
3.038606643676757812e-01
3.377454280853271484e-01
1.352336108684539795e-01
4.142338633537292480e-01
3.344566524028778076e-01
1.426517963409423828e-01
6.936550140380859375e-02
-4.400296136736869812e-02
5.496041104197502136e-02
1.060069650411605835e-01
-2.286354638636112213e-02
6.232178956270217896e-02
5.045406520366668701e-02
2.032146304845809937e-01
8.908227086067199707e-02
4.901969805359840393e-02
1.504148095846176147e-01
2.155034244060516357e-02
1.461589634418487549e-01
2.818464040756225586e-01
-2.582689374685287476e-02
4.909553825855255127e-01
3.137435317039489746e-01
-5.639813840389251709e-02
1.497846841812133789e-01
3.001761436462402344e-01
2.182658612728118896e-01
7.125236093997955322e-02
-1.477390527725219727e-01
-1.774915158748626709e-01
1.463956236839294434e-01
1.176307648420333862e-01
1.945260912179946899e-01
3.421037197113037109e-01
3.703414499759674072e-01
8.387927711009979248e-02
3.233339190483093262e-01
1.260352730751037598e-01
2.162905484437942505e-01
-4.318604711443185806e-03
9.720829129219055176e-02
1.378230154514312744e-01
2.427803128957748413e-01
1.933069080114364624e-01
9.228561818599700928e-02
9.673062711954116821e-02
1.814676821231842041e-01
2.178886979818344116e-01
1.138699650764465332e-01
-1.456653922796249390e-01
-1.241297554224729538e-02
1.188020184636116028e-01
2.433425784111022949e-01
4.937039911746978760e-01
8.160156756639480591e-02
2.634128369390964508e-02
2.940996587276458740e-01
3.721399009227752686e-01
1.647764891386032104e-01
2.698734104633331299e-01
5.201719328761100769e-02
2.318463474512100220e-01
-1.345030963420867920e-01
2.099718004465103149e-01
-2.146961912512779236e-02
2.075704932212829590e-01
2.960225939750671387e-01
2.650860249996185303e-01
1.059529110789299011e-01
-3.838428854942321777e-02
2.661311626434326172e-01
1.106973811984062195e-01
1.440307945013046265e-01
-4.049707576632499695e-02
9.779699891805648804e-02
3.562613427639007568e-01
2.740673534572124481e-02
1.300827264785766602e-01
2.592962980270385742e-01
9.014007449150085449e-02
1.735973954200744629e-01
1.054887846112251282e-01
2.976817190647125244e-01
2.635647356510162354e-01
3.385345339775085449e-01
-8.073907345533370972e-02
1.270130723714828491e-01
1.136984080076217651e-01
1.967693418264389038e-01
3.732593730092048645e-02
1.098678563721477985e-03
1.182160675525665283e-01
9.437459707260131836e-02
1.108428649604320526e-02
3.266298472881317139e-01
2.674990594387054443e-01
3.509933948516845703e-01
1.889435946941375732e-01
1.565256714820861816e-01
6.789854913949966431e-02
1.928364336490631104e-01
5.339168384671211243e-02
3.514502570033073425e-02
3.168749511241912842e-01
3.115585446357727051e-01
2.122164666652679443e-01
6.619655340909957886e-02
3.727436065673828125e-01
1.377122253179550171e-01
