-1.883486518636345863e-03
-1.253769441973417997e-04
-1.654673600569367409e-03
-1.769134658388793468e-03
-6.663231761194765568e-05
-1.819987315684556961e-03
-1.466672983951866627e-03
-1.757809077389538288e-03
-1.774385338649153709e-03
-1.426070812158286572e-03
-1.750393072143197060e-03
-1.004862599074840546e-03
-1.662074704654514790e-03
-1.714509562589228153e-03
-1.039146562106907368e-03
-1.906373188830912113e-03
-1.753919641487300396e-03
-1.755785895511507988e-03
-8.554045780329033732e-05
-1.444941037334501743e-03
-1.758750178851187229e-03
-1.760732731781899929e-03
-1.782512059435248375e-03
-1.773886266164481640e-03
-1.610288745723664761e-03
-1.679650740697979927e-03
-6.140330224297940731e-04
-2.603882421681191772e-06
-1.734648831188678741e-03
-1.651245169341564178e-03
-1.643934403546154499e-03
-1.773540629073977470e-03
-1.353628002107143402e-03
-1.731089199893176556e-03
-1.715820282697677612e-03
-1.458422280848026276e-03
-1.746594905853271484e-03
-1.672355341725051403e-03
-1.765013555996119976e-03
-1.795463613234460354e-03
-1.782776671461760998e-03
-1.498329336754977703e-03
-7.744447066215798259e-05
-1.781899249181151390e-03
-1.516230055131018162e-03
-1.748358132317662239e-03
-1.748624257743358612e-03
-1.707902993075549603e-03
-1.746387802995741367e-03
-1.677072723396122456e-03
-1.789504080079495907e-03
-1.726989517919719219e-03
-1.765732769854366779e-03
-1.556642586365342140e-03
-1.736223581247031689e-03
-1.778571866452693939e-03
-1.533769769594073296e-03
-1.479994622059166431e-03
-1.812350004911422729e-03
-1.612256863154470921e-03
-1.721854321658611298e-03
-1.805594074539840221e-03
-1.758895232342183590e-03
-1.770151080563664436e-03
-1.154118683189153671e-03
-9.655772591941058636e-04
-1.352912862785160542e-03
-9.806003654375672340e-04
-1.240975223481655121e-03
-9.709971491247415543e-04
-7.924276869744062424e-04
-1.482043648138642311e-03
-1.010424224659800529e-03
-7.586048450320959091e-04
-7.430015830323100090e-04
-1.039385912008583546e-03
-8.035088540054857731e-04
-9.493944235146045685e-04
-9.644792298786342144e-04
-1.331096980720758438e-03
-6.951433024369180202e-04
-6.823192234151065350e-04
-1.211389084346592426e-03
-4.194184730295091867e-04
-4.924660315737128258e-04
-1.065670163370668888e-03
-1.174738048575818539e-03
-4.269940836820751429e-04
-1.183868269436061382e-03
-1.410264289006590843e-03
-8.868987788446247578e-04
-1.127919647842645645e-03
-5.461768014356493950e-04
-1.525154104456305504e-03
-1.011004205793142319e-03
-7.545939297415316105e-04
-1.182866981253027916e-03
-1.213576411828398705e-03
-8.587290067225694656e-04
-1.105541829019784927e-03
-8.030158933252096176e-04
-1.203123480081558228e-03
-1.208566362038254738e-03
-7.407435914501547813e-04
-1.451127696782350540e-03
-1.279837102629244328e-03
-9.658437338657677174e-04
-9.788703173398971558e-04
-8.345426758751273155e-04
-5.891065229661762714e-04
-9.798175888136029243e-04
-1.074276166036725044e-03
-9.765324648469686508e-04
-1.387661905027925968e-03
-4.617851227521896362e-04
-9.472863748669624329e-04
-1.291300402954220772e-03
-9.427976328879594803e-04
-1.051893690600991249e-03
-8.681205217726528645e-04
-1.547050662338733673e-03
-9.951818501576781273e-04
-7.417957531288266182e-04
-1.075838343240320683e-03
-8.206354686990380287e-04
-7.985801203176379204e-04
-1.340589369647204876e-03
-9.812951320782303810e-04
