4.121210575103759766e-01
2.513930201530456543e-01
-5.472781136631965637e-03
-7.510775234550237656e-03
-6.368184089660644531e-02
4.114412143826484680e-02
3.064329028129577637e-01
1.354954391717910767e-01
1.090209037065505981e-01
-3.376367734745144844e-03
8.724234998226165771e-02
1.946625858545303345e-02
1.847071200609207153e-01
-1.068391799926757812e-01
2.451282739639282227e-01
4.887841641902923584e-01
3.234219849109649658e-01
8.483733236789703369e-02
9.417498111724853516e-02
4.418743848800659180e-01
1.089883744716644287e-01
-2.222197353839874268e-01
7.516203820705413818e-02
4.027363061904907227e-01
2.013042420148849487e-01
3.146106027998030186e-04
4.027020633220672607e-01
-2.406571060419082642e-02
2.937386333942413330e-01
2.633793354034423828e-01
2.551873922348022461e-01
-7.520680129528045654e-02
1.208227574825286865e-01
1.295356899499893188e-01
5.501293111592531204e-03
1.335069835186004639e-01
3.809295296669006348e-01
3.313493430614471436e-01
7.652206718921661377e-02
2.442622184753417969e-02
1.299313548952341080e-02
1.017919480800628662e-01
1.885290816426277161e-02
1.611274033784866333e-01
2.287911809980869293e-02
1.567383557558059692e-01
-6.886539608240127563e-02
3.635445237159729004e-01
1.699197143316268921e-01
2.134647220373153687e-01
-2.775608096271753311e-03
2.625775337219238281e-01
6.239780038595199585e-02
4.075343906879425049e-01
2.716722488403320312e-01
3.456522822380065918e-01
2.524146139621734619e-01
2.249921262264251709e-01
-3.454489260911941528e-02
1.310300175100564957e-02
6.726317852735519409e-02
2.027795612812042236e-01
8.704881370067596436e-02
1.974538117647171021e-01
3.354858160018920898e-01
1.679282933473587036e-01
3.343708813190460205e-01
1.564082801342010498e-01
1.752317547798156738e-01
1.751110702753067017e-01
1.077350527048110962e-01
3.460043370723724365e-01
1.752175092697143555e-01
2.389932423830032349e-01
3.436555266380310059e-01
2.679750621318817139e-01
-1.783038824796676636e-01
1.574435681104660034e-01
2.074583917856216431e-01
-1.063016876578330994e-01
2.777606844902038574e-01
2.627836167812347412e-01
1.057851463556289673e-01
1.828559786081314087e-01
-7.286703586578369141e-02
2.138194143772125244e-01
3.623958528041839600e-01
2.674389183521270752e-01
5.161672085523605347e-02
-7.725040614604949951e-02
4.364123940467834473e-01
2.388611882925033569e-01
1.618532687425613403e-01
1.849993318319320679e-01
2.912539541721343994e-01
2.108695656061172485e-01
1.210737377405166626e-01
3.106803894042968750e-01
-4.296824708580970764e-02
2.196964174509048462e-01
2.272616773843765259e-01
1.241189688444137573e-01
4.526298940181732178e-01
-7.255475502461194992e-03
6.511902809143066406e-02
1.936857104301452637e-01
8.484786748886108398e-02
3.041433095932006836e-01
2.254925370216369629e-01
1.972633153200149536e-01
3.956965804100036621e-01
-1.413120143115520477e-02
3.574163913726806641e-01
1.926857084035873413e-01
3.956277668476104736e-02
-3.630033880472183228e-02
2.140571624040603638e-01
-2.549638785421848297e-02
6.785769760608673096e-02
-1.436988115310668945e-01
2.026267051696777344e-01
4.215087890625000000e-01
3.343312144279479980e-01
-5.274962261319160461e-02
3.406584560871124268e-01
5.553640797734260559e-02
-1.707604527473449707e-01
1.977686882019042969e-01
