9.215054661035537720e-02
9.209524095058441162e-02
2.864051163196563721e-01
2.489545941352844238e-01
8.902951329946517944e-02
-3.018189966678619385e-02
-3.962550684809684753e-02
-2.437599748373031616e-01
2.135792225599288940e-01
1.143676713109016418e-01
1.790048629045486450e-01
-6.207024678587913513e-02
2.122086286544799805e-01
6.430159788578748703e-03
1.401282846927642822e-01
-1.111263260245323181e-01
1.602497845888137817e-01
1.098589599132537842e-01
1.649631708860397339e-01
-2.321342229843139648e-01
-2.888093143701553345e-02
7.739241421222686768e-02
-2.102092802524566650e-01
1.709005832672119141e-01
1.002586930990219116e-01
-1.012632530182600021e-02
-2.696394026279449463e-01
1.068008095026016235e-01
1.554367244243621826e-01
1.607871502637863159e-01
1.384596526622772217e-01
6.444643437862396240e-02
1.879469603300094604e-01
1.128824502229690552e-01
4.146925508975982666e-01
-6.224710866808891296e-02
1.171574741601943970e-01
-9.568651765584945679e-02
2.438633143901824951e-02
-1.397889554500579834e-01
1.249764040112495422e-01
-5.582678131759166718e-03
1.630337685346603394e-01
-1.721899211406707764e-01
-2.666086517274379730e-02
5.444547906517982483e-02
1.941519975662231445e-01
2.127882326021790504e-04
2.270026206970214844e-01
-8.546061813831329346e-02
-2.850064635276794434e-01
7.869850844144821167e-03
1.598521918058395386e-01
-4.690977558493614197e-02
-8.531639724969863892e-02
-2.781513035297393799e-01
2.667263150215148926e-01
1.947118341922760010e-01
-1.485013961791992188e-01
-3.017420694231987000e-02
8.798364549875259399e-02
1.646016724407672882e-02
7.151378691196441650e-02
1.204738244414329529e-01
-2.007738947868347168e-01
-6.815899163484573364e-02
8.524393290281295776e-02
-1.168427541851997375e-01
1.547243297100067139e-01
4.032244682312011719e-01
-7.213969528675079346e-02
1.507316082715988159e-01
3.632024228572845459e-01
7.656399160623550415e-02
9.223323315382003784e-02
3.446407318115234375e-01
8.868762105703353882e-02
2.133519351482391357e-01
1.203986555337905884e-01
1.489505022764205933e-01
2.111749490723013878e-03
2.004494071006774902e-01
7.110499590635299683e-02
2.459684610366821289e-01
3.701301664113998413e-02
1.194682344794273376e-01
-1.030006408691406250e-01
-3.647416830062866211e-02
-8.492338657379150391e-02
-1.724347174167633057e-01
2.138457447290420532e-01
-6.114687398076057434e-02
1.309428960084915161e-01
3.424221277236938477e-01
8.325806260108947754e-02
2.163328416645526886e-02
6.072732061147689819e-02
1.236840561032295227e-01
2.280972152948379517e-01
3.424048721790313721e-01
2.503309249877929688e-01
2.970733344554901123e-01
1.514416933059692383e-01
2.235473245382308960e-01
7.467526942491531372e-02
3.299157917499542236e-01
-1.063534710556268692e-02
2.302611768245697021e-01
1.751377135515213013e-01
2.573927640914916992e-01
2.429684251546859741e-01
2.210226356983184814e-01
-1.027430742979049683e-01
2.619135379791259766e-01
-1.884955726563930511e-02
4.793434590101242065e-02
9.847263991832733154e-02
1.673566550016403198e-02
2.654047608375549316e-01
-6.586273759603500366e-02
2.472499758005142212e-01
2.323456257581710815e-01
-2.000555247068405151e-01
2.236944437026977539e-01
6.760288029909133911e-02
8.510638773441314697e-02
2.208006083965301514e-01
1.200714148581027985e-02
1.613371521234512329e-01
3.302071094512939453e-01
3.363298177719116211e-01
6.769521534442901611e-02
2.917022407054901123e-01
-7.082022726535797119e-02
-1.378107964992523193e-01
1.703016310930252075e-01
3.839463591575622559e-01
8.630393445491790771e-02
1.772806644439697266e-01
2.730540558695793152e-02
2.395420819520950317e-01
2.298010885715484619e-01
1.850191801786422729e-01
5.129212886095046997e-02
6.442289054393768311e-02
7.548228837549686432e-03
3.770568072795867920e-01
5.734638497233390808e-02
2.169736623764038086e-01
1.415176987648010254e-01
2.200264185667037964e-01
1.095106378197669983e-01
-3.706770390272140503e-02
2.986378036439418793e-02
2.008954137563705444e-01
-8.189232088625431061e-03
-7.030164450407028198e-02
2.760407030582427979e-01
2.130164653062820435e-01
-1.143037527799606323e-01
-1.475070789456367493e-02
1.893403977155685425e-01
2.208790481090545654e-01
4.091187566518783569e-02
2.512494325637817383e-01
8.381432294845581055e-02
-4.129512608051300049e-02
1.438181847333908081e-01
3.917094767093658447e-01
2.133965641260147095e-01
2.494107782840728760e-01
7.650892436504364014e-02
-9.955419600009918213e-02
2.492097020149230957e-01
2.356060743331909180e-01
5.952763184905052185e-02
8.602909743785858154e-03
7.729739695787429810e-02
2.103915065526962280e-01
1.890933327376842499e-02
1.763868033885955811e-01
-1.028354540467262268e-01
2.531429529190063477e-01
4.466468691825866699e-01
2.811611890792846680e-01
5.484296083450317383e-01
3.939115703105926514e-01
-3.132100999355316162e-01
2.330740392208099365e-01
1.886210292577743530e-01
1.075025945901870728e-01
-9.344652295112609863e-02
1.053903922438621521e-01
4.514409899711608887e-01
4.615448042750358582e-02
3.614082559943199158e-02
2.963298559188842773e-01
-6.156339496374130249e-02
1.731454282999038696e-01
8.697217702865600586e-02
2.874107658863067627e-01
3.262414336204528809e-01
-8.285587280988693237e-02
6.016210094094276428e-02
1.025098413228988647e-01
1.979201734066009521e-01
1.971965283155441284e-01
2.813455760478973389e-01
-1.400837488472461700e-02
-1.508481353521347046e-01
9.198845177888870239e-02
2.403127551078796387e-01
3.320640325546264648e-01
3.154012560844421387e-02
2.341867983341217041e-01
-1.359092295169830322e-01
2.056530416011810303e-01
2.575280070304870605e-01
2.491131871938705444e-01
2.195858806371688843e-01
-2.105737477540969849e-01
2.054572403430938721e-01
2.400586605072021484e-01
1.303179860115051270e-01
2.819043993949890137e-01
2.180821597576141357e-01
3.470530733466148376e-02
1.416473239660263062e-01
2.869969010353088379e-01
1.199203878641128540e-01
3.418897092342376709e-01
9.631566703319549561e-02
1.690091192722320557e-01
2.710190415382385254e-01
2.158305048942565918e-01
6.767774466425180435e-03
-1.557324198074638844e-03
-7.261252030730247498e-03
6.509493105113506317e-03
1.486681122332811356e-02
6.377313286066055298e-02
1.569589227437973022e-01
1.637559980154037476e-01
1.454199254512786865e-01
2.338307499885559082e-01
1.370510905981063843e-01
3.233768418431282043e-02
2.225400693714618683e-02
2.577047049999237061e-01
9.608711302280426025e-02
4.323577880859375000e-02
-3.548746556043624878e-02
1.241283863782882690e-01
-1.376811414957046509e-01
1.680314540863037109e-01
2.425913363695144653e-01
1.666525602340698242e-01
-5.528568476438522339e-02
-2.020922154188156128e-01
8.370975404977798462e-02
3.700437024235725403e-02
-1.356869190931320190e-01
3.104793429374694824e-01
2.782465815544128418e-01
4.719957336783409119e-02
2.988111674785614014e-01
2.975699305534362793e-01
-9.615714661777019501e-03
3.885605633258819580e-01
2.323589324951171875e-01
3.170218765735626221e-01
-5.274048820137977600e-02
-3.323096409440040588e-02
-2.561408653855323792e-02
2.618191242218017578e-01
3.567118942737579346e-01
3.293537199497222900e-01
-2.547135204076766968e-02
4.453248083591461182e-01
3.532071411609649658e-02
2.287123799324035645e-01
1.492894887924194336e-01
1.538899838924407959e-01
1.055166870355606079e-01
8.290563523769378662e-02
-6.133121624588966370e-02
-5.784498527646064758e-02
3.493173122406005859e-01
1.939622908830642700e-01
3.039186894893646240e-01
2.556263506412506104e-01
2.652650475502014160e-01
2.607476711273193359e-01
2.049503773450851440e-01
1.174186915159225464e-01
5.355403292924165726e-03
4.570895805954933167e-02
3.529898524284362793e-01
1.351242512464523315e-01
1.879869997501373291e-01
8.881787210702896118e-02
2.158497571945190430e-01
1.020404174923896790e-01
-1.547525916248559952e-02
1.790260076522827148e-01
1.568545848131179810e-01
2.487108558416366577e-01
8.263018727302551270e-02
7.860276103019714355e-02
4.914549365639686584e-02
1.868175715208053589e-01
1.684141755104064941e-01
7.528069615364074707e-02
3.834041655063629150e-01
1.515993177890777588e-01
2.635214030742645264e-01
4.488751664757728577e-02
2.435084283351898193e-01
2.552309334278106689e-01
1.425620168447494507e-01
2.356299944221973419e-02
5.493064597249031067e-02
1.396333128213882446e-01
2.239287048578262329e-01
3.289594650268554688e-01
1.077991127967834473e-01
2.490853965282440186e-01
-1.304152607917785645e-01
2.134657092392444611e-02
1.264648884534835815e-01
1.266894787549972534e-01
2.133142501115798950e-01
4.889269471168518066e-01
2.187969237565994263e-01
1.785362511873245239e-01
-4.494968056678771973e-02
3.574495017528533936e-02
1.842087805271148682e-01
4.875358939170837402e-01
1.128135770559310913e-01
2.071617357432842255e-02
4.276915639638900757e-02
4.669625777751207352e-03
1.652304530143737793e-01
-1.472693532705307007e-01
1.598310321569442749e-01
1.930262446403503418e-01
3.311370313167572021e-01
8.978208899497985840e-02
1.371606141328811646e-01
2.032032608985900879e-01
-3.948170319199562073e-02
-7.746896147727966309e-02
-1.488180160522460938e-01
4.199428483843803406e-02
1.730516999959945679e-01
3.992199003696441650e-01
1.965397596359252930e-02
1.496205478906631470e-01
1.312939375638961792e-01
1.580194532871246338e-01
-1.427227854728698730e-01
1.739992499351501465e-01
2.414902597665786743e-01
4.283437430858612061e-01
1.193523034453392029e-01
4.368301928043365479e-01
3.287305235862731934e-01
2.170423120260238647e-01
2.596828937530517578e-01
2.896741628646850586e-01
7.300785183906555176e-02
3.006163835525512695e-01
-4.869186878204345703e-02
1.043425649404525757e-01
-5.550885573029518127e-02
-3.094295971095561981e-02
1.862501800060272217e-01
2.816713154315948486e-01
-9.962583333253860474e-02
2.129096090793609619e-01
3.172586262226104736e-01
3.385889232158660889e-01
2.929652035236358643e-01
1.795035302639007568e-01
2.159354537725448608e-01
1.975270658731460571e-01
3.186219334602355957e-01
2.779326140880584717e-01
2.447164356708526611e-01
1.699398159980773926e-01
2.478083074092864990e-01
1.462695300579071045e-01
1.612388342618942261e-01
1.552557647228240967e-01
2.705349922180175781e-01
3.267248570919036865e-01
3.371047973632812500e-01
3.404293954372406006e-01
2.797288596630096436e-01
3.321915566921234131e-01
2.287350594997406006e-01
1.014440357685089111e-01
2.439098805189132690e-01
8.088960498571395874e-02
1.225754916667938232e-01
2.602441310882568359e-01
4.337806999683380127e-01
1.857658624649047852e-01
4.261583685874938965e-01
2.841903865337371826e-01
2.241770774126052856e-01
3.372668623924255371e-01
-1.347334235906600952e-01
-2.215831726789474487e-02
8.515008538961410522e-02
9.391650557518005371e-02
2.680771350860595703e-01
2.637430727481842041e-01
6.177576258778572083e-02
3.581951558589935303e-01
2.297254204750061035e-01
1.912625133991241455e-01
2.406037300825119019e-01
4.214498400688171387e-01
4.841960668563842773e-01
2.081063091754913330e-01
2.413471974432468414e-02
-7.778098434209823608e-02
3.112156689167022705e-01
4.404093623161315918e-01
1.741078495979309082e-01
1.186005771160125732e-01
1.475662887096405029e-01
5.272427201271057129e-02
3.692793548107147217e-01
4.910885393619537354e-01
1.363131552934646606e-01
3.153100982308387756e-02
2.566719949245452881e-01
9.409645944833755493e-02
1.006420925259590149e-01
2.780566215515136719e-01
3.452014327049255371e-01
1.262186616659164429e-01
-1.412382535636425018e-02
2.573862373828887939e-01
4.552741944789886475e-01
2.028441242873668671e-02
1.605391651391983032e-01
1.934468299150466919e-01
1.566945165395736694e-01
1.991694718599319458e-01
2.691799104213714600e-01
6.782353669404983521e-02
2.278833836317062378e-01
1.056217104196548462e-01
1.625056117773056030e-01
3.694410920143127441e-01
4.211175814270973206e-02
3.119997493922710419e-02
6.520584225654602051e-02
2.122858017683029175e-01
2.134779095649719238e-01
2.598850727081298828e-01
2.373394221067428589e-01
1.122571900486946106e-01
3.030501008033752441e-01
-7.377236150205135345e-03
3.670768737792968750e-01
2.735882997512817383e-01
1.557073295116424561e-01
2.507334053516387939e-01
1.618976145982742310e-01
3.168745338916778564e-01
2.238901704549789429e-01
-8.730167150497436523e-02
1.272965371608734131e-01
-5.702363699674606323e-02
5.171545594930648804e-02
2.462883740663528442e-01
5.112783908843994141e-01
2.089007347822189331e-01
6.591808050870895386e-02
1.994548141956329346e-01
4.119907319545745850e-01
2.278309613466262817e-01
8.936078287661075592e-03
4.528880119323730469e-02
-1.132932528853416443e-01
2.792422473430633545e-01
2.864435315132141113e-02
1.714103817939758301e-01
-6.137580052018165588e-02
-1.323464661836624146e-01
-5.747481808066368103e-02
4.498232007026672363e-01
-6.608796119689941406e-02
1.348509937524795532e-01
6.327696144580841064e-02
1.700822263956069946e-01
-1.235857009887695312e-01
7.018809020519256592e-02
3.680728673934936523e-01
1.597047001123428345e-01
2.505284249782562256e-01
1.138561964035034180e-01
2.710186839103698730e-01
4.331374913454055786e-02
3.324061930179595947e-01
2.076393365859985352e-01
8.985274285078048706e-02
3.733377531170845032e-02
4.264432787895202637e-01
3.105928599834442139e-01
3.097436428070068359e-01
1.149164512753486633e-02
-1.248584687709808350e-02
-3.246719390153884888e-02
2.003498226404190063e-01
2.060066312551498413e-01
6.751098483800888062e-02
1.438367962837219238e-01
9.245852380990982056e-02
1.305185258388519287e-01
1.844601035118103027e-01
2.197322621941566467e-02
3.398758172988891602e-01
1.311964243650436401e-01
3.389690816402435303e-01
2.575089335441589355e-01
8.072148263454437256e-02
-1.649630367755889893e-01
2.041072957217693329e-02
3.404477834701538086e-01
-1.558708772063255310e-02
1.588652580976486206e-01
2.352729290723800659e-01
1.346738338470458984e-01
6.761825084686279297e-02
1.820932477712631226e-01
3.020661175251007080e-01
5.115181580185890198e-02
2.029232978820800781e-01
1.084875762462615967e-01
1.098002567887306213e-01
-8.572985976934432983e-02
6.131175160408020020e-02
1.522644758224487305e-01
1.083982270210981369e-02
3.570128977298736572e-01
2.663421928882598877e-01
9.918393939733505249e-02
3.205874264240264893e-01
2.226192951202392578e-01
-1.261505037546157837e-01
1.962842047214508057e-01
2.465886473655700684e-01
2.335094362497329712e-01
2.752980589866638184e-01
8.691038936376571655e-02
1.694580763578414917e-01
7.615038752555847168e-02
3.156508505344390869e-01
2.232721745967864990e-01
1.383659839630126953e-01
1.790925264358520508e-01
1.645443886518478394e-01
2.806203253567218781e-02
1.945062875747680664e-01
1.562823951244354248e-01
9.071672707796096802e-02
9.726860374212265015e-02
1.889641433954238892e-01
1.477586105465888977e-02
8.995662629604339600e-02
-5.136100575327873230e-03
4.184564575552940369e-02
2.394508719444274902e-01
3.348644450306892395e-02
3.117695748805999756e-01
2.482539713382720947e-01
1.034670844674110413e-01
4.053534567356109619e-01
8.261292427778244019e-02
1.603806018829345703e-01
2.531104385852813721e-01
1.819461137056350708e-01
-7.072504609823226929e-02
3.051266372203826904e-01
1.616746559739112854e-02
-1.298576444387435913e-01
4.232134819030761719e-01
2.984113693237304688e-01
3.169133067131042480e-01
1.416815370321273804e-01
1.848978735506534576e-02
2.872494459152221680e-01
3.527571856975555420e-01
2.767612040042877197e-01
1.695012450218200684e-01
1.226057782769203186e-01
2.286715060472488403e-01
1.439631581306457520e-01
2.135268747806549072e-01
1.509949192404747009e-02
3.245301544666290283e-01
4.544779956340789795e-01
2.568300962448120117e-01
9.239047765731811523e-02
-4.314897209405899048e-02
4.067710936069488525e-01
3.787087202072143555e-01
3.577446937561035156e-01
2.102169245481491089e-01
3.093298971652984619e-01
3.252677321434020996e-01
3.974028229713439941e-01
3.210498094558715820e-01
2.083780765533447266e-01
1.888460069894790649e-01
1.943429112434387207e-01
2.265990525484085083e-01
1.765968203544616699e-01
-5.493889003992080688e-02
2.809852361679077148e-02
3.859713673591613770e-01
1.887818574905395508e-01
3.500724732875823975e-01
1.399121880531311035e-01
1.388144642114639282e-01
3.083137273788452148e-01
4.315932095050811768e-01
3.825466707348823547e-02
3.479436039924621582e-01
3.719021975994110107e-01
2.534021735191345215e-01
2.671721279621124268e-01
2.560424208641052246e-01
2.967676818370819092e-01
2.044605761766433716e-01
-3.461316972970962524e-02
2.909693121910095215e-01
-3.218005225062370300e-02
1.225398704409599304e-01
2.364037036895751953e-01
-7.036200910806655884e-02
4.292491078376770020e-01
2.165371626615524292e-01
1.168991997838020325e-01
3.329997360706329346e-01
4.067690670490264893e-01
7.737737894058227539e-02
1.964622288942337036e-01
4.601293429732322693e-02
1.811171621084213257e-01
-1.310396939516067505e-01
1.439823210239410400e-01
-7.904502749443054199e-02
3.817520439624786377e-01
2.679663002490997314e-01
1.678210198879241943e-01
7.839786261320114136e-02
1.959039121866226196e-01
1.446572840213775635e-01
1.075330153107643127e-01
7.666154950857162476e-02
9.325351566076278687e-02
3.511156439781188965e-01
1.982944607734680176e-01
7.496534287929534912e-02
2.592506073415279388e-02
2.451212108135223389e-01
2.243521064519882202e-01
3.225322663784027100e-01
-1.122391596436500549e-01
-5.604172497987747192e-02
2.166464179754257202e-02
-1.049273740500211716e-02
3.726093098521232605e-02
2.503985166549682617e-01
2.274883538484573364e-01
2.961100041866302490e-01
1.181042119860649109e-01
8.716740459203720093e-02
2.042611241340637207e-01
1.332080364227294922e-01
2.531270384788513184e-01
1.206328393891453743e-03
2.000352889299392700e-01
-1.290119439363479614e-01
-7.972167432308197021e-02
9.274165332317352295e-02
2.367815524339675903e-01
2.347750812768936157e-01
2.072865515947341919e-01
-1.463820785284042358e-01
1.732611954212188721e-01
1.407929211854934692e-01
2.114035338163375854e-01
3.086986541748046875e-01
2.338669151067733765e-01
3.355847299098968506e-01
1.977646648883819580e-01
2.098615169525146484e-01
-4.635602608323097229e-02
1.025326475501060486e-01
3.398932516574859619e-01
2.142118215560913086e-01
3.970378637313842773e-01
2.392565310001373291e-01
1.091184318065643311e-01
7.978749275207519531e-02
3.753788471221923828e-01
2.751528024673461914e-01
3.201245367527008057e-01
-3.111002221703529358e-02
9.220657497644424438e-02
2.820282280445098877e-01
2.583079785108566284e-02
-5.080598220229148865e-02
2.596777975559234619e-01
1.156961098313331604e-01
-8.899586275219917297e-03
4.726654887199401855e-01
1.812336146831512451e-01
1.176132410764694214e-01
1.741862744092941284e-01
-1.075109392404556274e-01
4.475291818380355835e-02
2.618196308612823486e-01
2.041075080633163452e-01
3.122606277465820312e-01
3.473030030727386475e-01
1.984809935092926025e-01
-3.929612785577774048e-02
8.663120120763778687e-02
1.097354292869567871e-01
-5.935383960604667664e-03
1.451253741979598999e-01
2.484275549650192261e-01
1.868497207760810852e-02
-1.414125598967075348e-02
9.929796680808067322e-03
6.837679445743560791e-02
5.779932737350463867e-01
1.781153231859207153e-01
2.691504955291748047e-01
1.564813256263732910e-01
3.613614737987518311e-01
2.720560729503631592e-01
-8.066576719284057617e-02
-1.599788963794708252e-01
3.883149921894073486e-01
1.766735911369323730e-01
-2.291642874479293823e-02
2.540420591831207275e-01
1.236056536436080933e-01
2.652124166488647461e-01
6.780590862035751343e-02
2.424098998308181763e-01
-8.322354406118392944e-02
1.615047156810760498e-01
2.901344299316406250e-01
2.250920683145523071e-01
2.235151827335357666e-02
7.600666582584381104e-02
1.356765329837799072e-01
8.757072687149047852e-02
1.880331486463546753e-01
2.678889334201812744e-01
-5.635858699679374695e-02
-7.871986599639058113e-04
3.973321914672851562e-01
6.813189387321472168e-02
-2.962265610694885254e-01
3.541708290576934814e-01
3.679013550281524658e-01
2.458027005195617676e-02
-5.853204056620597839e-02
1.196840405464172363e-01
6.052110809832811356e-03
3.936745226383209229e-02
4.363842681050300598e-02
1.273884028196334839e-01
5.505267530679702759e-02
2.118118405342102051e-01
3.278167843818664551e-01
2.316418439149856567e-01
-8.219308219850063324e-03
2.838929295539855957e-01
-1.665054075419902802e-02
1.897251158952713013e-01
9.624216705560684204e-02
4.043265581130981445e-01
1.535173039883375168e-02
2.386276982724666595e-02
-7.021366804838180542e-02
2.263755649328231812e-01
2.912564575672149658e-01
2.972681522369384766e-01
9.085746109485626221e-02
1.063859090209007263e-01
3.720911145210266113e-01
4.364767372608184814e-01
5.371440649032592773e-01
2.646571099758148193e-01
4.802781715989112854e-02
3.354136645793914795e-01
8.065118640661239624e-02
1.978186815977096558e-01
1.176265180110931396e-01
8.266904950141906738e-02
2.203027158975601196e-01
8.158802241086959839e-02
2.017792463302612305e-01
1.129109486937522888e-01
-1.302724238485097885e-02
1.295572817325592041e-01
8.634992688894271851e-02
2.063215523958206177e-01
1.564253717660903931e-01
1.551704257726669312e-01
2.215090095996856689e-01
4.328433424234390259e-03
3.656590580940246582e-01
3.250890374183654785e-01
-2.429140172898769379e-02
1.898968406021595001e-02
2.381118983030319214e-01
2.223356962203979492e-01
-1.651564054191112518e-02
3.544229269027709961e-02
2.768790125846862793e-01
1.364523172378540039e-01
-2.659931220114231110e-02
-2.826297096908092499e-02
1.233069673180580139e-01
1.746963709592819214e-01
1.813521683216094971e-01
1.969160437583923340e-01
1.739203929901123047e-01
-1.387419253587722778e-01
5.799176543951034546e-02
-4.535666480660438538e-02
-1.173273893073201180e-03
2.768496572971343994e-01
1.844772994518280029e-01
2.766823470592498779e-01
3.165754377841949463e-01
-8.978253602981567383e-02
2.792825177311897278e-02
9.660050272941589355e-03
1.874630004167556763e-01
-2.584630064666271210e-02
4.143787622451782227e-01
2.224070429801940918e-01
1.401994973421096802e-01
2.629400491714477539e-01
2.265159934759140015e-01
3.321738243103027344e-01
9.433888830244541168e-03
1.059410050511360168e-01
8.454114943742752075e-02
4.583597555756568909e-02
-7.263082265853881836e-02
-5.613137781620025635e-02
1.870405972003936768e-01
9.487203508615493774e-02
5.375402420759201050e-02
3.531126976013183594e-01
1.984782963991165161e-01
-5.216948688030242920e-03
1.836569905281066895e-01
1.072190180420875549e-01
-3.715183958411216736e-02
4.152725934982299805e-01
3.217269182205200195e-01
2.028223685920238495e-02
2.928749918937683105e-01
3.183284103870391846e-01
4.670221507549285889e-01
7.614621520042419434e-02
-2.497869171202182770e-02
-3.750040382146835327e-02
4.955505579710006714e-02
3.446075022220611572e-01
7.686946541070938110e-02
5.271698907017707825e-02
3.804182708263397217e-01
1.812470555305480957e-01
1.122944876551628113e-01
2.178718298673629761e-01
8.947212249040603638e-02
1.558910459280014038e-01
1.969638466835021973e-01
-6.954448297619819641e-03
4.603596627712249756e-01
-6.572740525007247925e-02
1.201459690928459167e-01
-1.318698935210704803e-02
-1.392477843910455704e-02
-2.221118062734603882e-01
2.612640857696533203e-01
6.053507700562477112e-02
-1.213385686278343201e-01
6.827088445425033569e-02
2.578425705432891846e-01
3.245126008987426758e-01
1.877445727586746216e-01
-6.434950232505798340e-02
1.962195038795471191e-01
2.936595082283020020e-01
-1.371032148599624634e-01
-1.248501241207122803e-01
1.490592211484909058e-01
1.720375567674636841e-01
2.632128000259399414e-01
3.509495556354522705e-01
2.543455362319946289e-01
1.571666151285171509e-01
4.826905429363250732e-01
-5.040406063199043274e-02
7.001640647649765015e-02
2.278675884008407593e-02
2.873812429606914520e-02
1.950542628765106201e-01
3.608487248420715332e-01
1.549222622998058796e-03
2.492303997278213501e-01
-1.176081895828247070e-01
3.322189152240753174e-01
1.273639053106307983e-01
-2.523861266672611237e-02
-1.166750416159629822e-01
1.713521778583526611e-01
2.824254930019378662e-01
2.490497678518295288e-01
1.686298847198486328e-01
1.120595354586839676e-02
1.908629983663558960e-01
5.071174725890159607e-02
1.161584407091140747e-01
2.260495424270629883e-01
4.085614383220672607e-01
-3.339046984910964966e-02
8.592358231544494629e-02
1.007867529988288879e-01
1.183071881532669067e-01
2.404924482107162476e-01
2.857422232627868652e-01
-6.612448394298553467e-02
3.626248240470886230e-01
2.139161974191665649e-01
1.375941187143325806e-01
2.303064018487930298e-01
9.132722020149230957e-02
2.675493955612182617e-01
1.464807987213134766e-01
2.214286625385284424e-01
-6.032236292958259583e-02
-1.714701391756534576e-02
2.846796214580535889e-01
4.696844518184661865e-02
3.732681274414062500e-02
1.900431811809539795e-01
4.685575366020202637e-01
2.553953826427459717e-01
2.468037605285644531e-02
2.554587423801422119e-01
1.794372498989105225e-01
1.722334623336791992e-01
7.597640622407197952e-03
1.548258662223815918e-01
3.240874111652374268e-01
1.292704641819000244e-01
5.542963743209838867e-01
1.238025724887847900e-02
1.638840287923812866e-01
-9.621066972613334656e-03
-1.144892945885658264e-01
2.677729427814483643e-01
2.990826368331909180e-01
2.295353114604949951e-01
3.738749027252197266e-01
1.747285723686218262e-01
-1.349302679300308228e-01
3.413038700819015503e-02
2.069572955369949341e-01
5.356135964393615723e-02
-5.834047123789787292e-02
-5.528524518013000488e-02
1.711212843656539917e-01
2.118874639272689819e-01
7.572935521602630615e-02
1.772665977478027344e-01
7.925350219011306763e-02
7.807927578687667847e-02
-1.108117774128913879e-01
3.411802947521209717e-01
6.053989753127098083e-02
1.400262117385864258e-02
4.418945685029029846e-02
2.578995525836944580e-01
2.159609049558639526e-01
2.067503184080123901e-01
1.204752400517463684e-01
-6.587776821106672287e-03
1.274311691522598267e-01
4.301943350583314896e-03
1.441637128591537476e-01
2.366423010826110840e-01
4.296699538826942444e-02
1.514709889888763428e-01
1.533797830343246460e-01
-1.607341319322586060e-01
2.880863845348358154e-01
9.851329959928989410e-04
1.387261152267456055e-01
3.494913578033447266e-01
-4.361841827630996704e-02
1.808808743953704834e-01
2.571154832839965820e-01
-8.111556619405746460e-02
2.825888395309448242e-01
5.528990179300308228e-02
2.934021651744842529e-01
-7.261048071086406708e-03
-2.023317851126194000e-02
1.436854153871536255e-01
2.006228715181350708e-01
2.982140481472015381e-01
-8.496064692735671997e-02
2.386952042579650879e-01
3.583781123161315918e-01
1.229312717914581299e-01
1.763688027858734131e-01
2.415300309658050537e-01
-6.347432732582092285e-02
2.181753814220428467e-01
2.473730891942977905e-01
9.164532274007797241e-02
1.503800004720687866e-01
8.109851926565170288e-02
2.028732597827911377e-01
-8.795784413814544678e-02
2.883688807487487793e-01
1.093930378556251526e-01
1.568379849195480347e-01
9.865113347768783569e-02
2.491283863782882690e-01
1.231205910444259644e-01
7.156968861818313599e-02
2.278632372617721558e-01
4.070794209837913513e-02
1.203606054186820984e-01
1.239577084779739380e-01
-2.513749524950981140e-02
1.059681251645088196e-01
3.074821531772613525e-01
1.554248332977294922e-01
2.867781221866607666e-01
2.098652869462966919e-01
5.689730867743492126e-02
1.118333637714385986e-01
1.671642512083053589e-01
2.987149655818939209e-01
9.929414838552474976e-02
1.840506792068481445e-01
1.582604199647903442e-01
2.621466517448425293e-01
3.063365817070007324e-01
3.144324719905853271e-01
-2.201089449226856232e-02
5.708634257316589355e-01
1.148715987801551819e-01
3.764658272266387939e-01
8.443878591060638428e-02
3.525522351264953613e-01
-2.991721928119659424e-01
2.345797866582870483e-01
3.491017818450927734e-01
1.815893650054931641e-01
5.408751964569091797e-01
3.539780378341674805e-01
4.167221114039421082e-02
6.077438592910766602e-02
2.807436883449554443e-01
1.328824013471603394e-01
6.570936739444732666e-02
-9.324534237384796143e-02
-5.157248675823211670e-02
3.644597530364990234e-01
8.852921426296234131e-02
1.319017559289932251e-01
3.138543665409088135e-01
1.750785261392593384e-01
3.425892293453216553e-01
1.328516192734241486e-02
7.555061951279640198e-03
-2.895795181393623352e-02
1.682507842779159546e-01
2.617391347885131836e-01
2.036058455705642700e-01
3.640357851982116699e-01
2.478095889091491699e-01
2.443502098321914673e-01
1.685895323753356934e-01
7.609543949365615845e-02
1.571141034364700317e-01
3.888730108737945557e-01
4.019513428211212158e-01
2.908804714679718018e-01
1.800158433616161346e-02
2.047516852617263794e-01
-1.323325484991073608e-01
3.248185515403747559e-01
1.596295684576034546e-01
4.770459607243537903e-03
-5.328343436121940613e-02
3.344332575798034668e-01
2.428113073110580444e-01
-2.136969752609729767e-02
4.508545696735382080e-01
3.746106624603271484e-01
1.419413834810256958e-01
2.270166575908660889e-01
2.934296429157257080e-01
3.174364268779754639e-01
3.028959594666957855e-02
1.646445840597152710e-01
2.576612532138824463e-01
2.946960739791393280e-02
1.511718332767486572e-01
3.711148500442504883e-01
2.245256751775741577e-01
1.978200227022171021e-01
-6.530173122882843018e-03
-6.223410740494728088e-02
3.155454397201538086e-01
1.393204629421234131e-01
2.664573788642883301e-01
1.138927862048149109e-01
1.914516985416412354e-01
-4.368343856185674667e-03
1.016427725553512573e-01
2.008015364408493042e-01
2.186435908079147339e-01
1.063662096858024597e-01
3.406624123454093933e-02
1.863282173871994019e-01
-6.604161113500595093e-02
1.486476361751556396e-01
1.936244964599609375e-01
9.102658927440643311e-02
2.172554284334182739e-01
2.665106058120727539e-01
1.738692373037338257e-01
3.171794861555099487e-02
2.322673946619033813e-01
2.550302743911743164e-01
3.235210478305816650e-01
2.054186165332794189e-01
5.386931300163269043e-01
3.362573310732841492e-02
-1.287428438663482666e-01
2.023039013147354126e-02
-9.688775986433029175e-02
1.707485318183898926e-01
5.511197447776794434e-02
2.310112416744232178e-01
-2.269861847162246704e-02
4.263111352920532227e-01
2.686409056186676025e-01
-8.405365049839019775e-03
1.069079488515853882e-01
-7.945838570594787598e-02
2.314691543579101562e-01
1.335997283458709717e-01
5.287913233041763306e-02
7.960314303636550903e-02
7.390756905078887939e-02
3.909164965152740479e-01
-1.740542203187942505e-01
1.595491766929626465e-01
3.793004751205444336e-01
1.010123714804649353e-01
1.976296305656433105e-01
-2.827075868844985962e-02
1.839328706264495850e-01
2.476651519536972046e-01
3.337916135787963867e-01
3.067884147167205811e-01
3.889794647693634033e-01
1.952737271785736084e-01
1.119110435247421265e-01
2.749992907047271729e-01
4.258044436573982239e-02
1.351926326751708984e-01
3.144235610961914062e-01
-1.609188131988048553e-02
1.039955317974090576e-01
3.288941979408264160e-01
1.791194528341293335e-01
3.191297948360443115e-01
2.756169736385345459e-01
2.531647980213165283e-01
-9.548208117485046387e-02
2.642273902893066406e-01
-5.288452655076980591e-02
1.914594024419784546e-01
5.989650636911392212e-02
1.283600553870201111e-02
3.685330450534820557e-01
5.098592117428779602e-02
1.163096129894256592e-01
2.194092571735382080e-01
1.998335309326648712e-02
2.287963777780532837e-01
1.780895590782165527e-01
1.184460595250129700e-01
1.867667436599731445e-01
2.955063581466674805e-01
-1.191659048199653625e-01
3.021279573440551758e-01
-4.901676997542381287e-02
2.577355206012725830e-01
9.924136847257614136e-02
-1.509380787611007690e-01
5.158304572105407715e-01
6.312159448862075806e-02
5.157668888568878174e-02
8.585384488105773926e-02
8.952964097261428833e-02
4.627589881420135498e-01
3.470790088176727295e-01
2.007123827934265137e-01
2.452318221330642700e-01
2.031325846910476685e-01
2.148171961307525635e-01
-4.150446131825447083e-02
3.197634220123291016e-01
1.122342199087142944e-01
7.570099830627441406e-02
1.779298186302185059e-01
2.048850804567337036e-01
1.598144918680191040e-01
6.257710605859756470e-02
1.268418878316879272e-01
2.559685707092285156e-01
9.973023086786270142e-03
2.893931865692138672e-01
-3.357771411538124084e-02
2.919686138629913330e-01
-7.399509847164154053e-02
3.323121070861816406e-01
3.240070641040802002e-01
8.231532759964466095e-03
2.046230584383010864e-01
1.621132194995880127e-01
3.626926541328430176e-01
2.880572974681854248e-01
3.526693210005760193e-02
8.598546683788299561e-02
2.997229434549808502e-02
3.554835915565490723e-01
2.432044129818677902e-03
8.639144152402877808e-02
2.764742970466613770e-01
1.420061439275741577e-01
-4.590801545418798923e-04
2.138921059668064117e-02
3.281965851783752441e-01
-1.612083911895751953e-01
1.251649558544158936e-01
2.462877780199050903e-01
5.188594013452529907e-02
3.513731360435485840e-01
3.628231119364500046e-03
-1.630548387765884399e-01
-8.462452143430709839e-02
-1.772886142134666443e-02
2.289505675435066223e-02
2.433065772056579590e-01
1.177475438453257084e-03
1.728367758914828300e-03
1.390811204910278320e-01
4.916326403617858887e-01
3.117809295654296875e-01
2.552185058593750000e-01
3.566702455282211304e-02
2.359229624271392822e-01
1.372834742069244385e-01
1.198332980275154114e-01
3.083964437246322632e-02
6.175503134727478027e-02
4.690476357936859131e-01
2.016950696706771851e-01
1.688218563795089722e-01
1.112680584192276001e-01
1.991199254989624023e-01
-2.347788214683532715e-02
1.554006487131118774e-01
3.195577859878540039e-01
6.167922616004943848e-01
9.711790084838867188e-02
1.572882980108261108e-01
5.841385573148727417e-02
1.247729808092117310e-01
2.215644568204879761e-01
1.811048388481140137e-01
3.204586207866668701e-01
3.440729379653930664e-01
2.526998519897460938e-01
-2.920723520219326019e-02
-4.135347437113523483e-03
1.252681463956832886e-01
1.006992384791374207e-01
3.576275333762168884e-02
7.048109173774719238e-02
-4.509738460183143616e-02
7.151930034160614014e-02
3.748216927051544189e-01
-1.488578598946332932e-02
2.315838485956192017e-01
3.451748490333557129e-01
-1.912135183811187744e-01
4.499351978302001953e-01
2.338974922895431519e-01
3.360127508640289307e-01
1.885376572608947754e-01
2.359953075647354126e-01
2.178088873624801636e-01
2.008064687252044678e-01
-1.818724721670150757e-02
-6.087894737720489502e-02
1.473439633846282959e-01
-2.314244583249092102e-02
1.972277909517288208e-01
6.850548833608627319e-02
3.945651948451995850e-01
3.550671041011810303e-01
1.033649817109107971e-01
4.151409268379211426e-01
2.495257258415222168e-01
2.105806618928909302e-01
3.323414027690887451e-01
1.126303225755691528e-01
5.129116028547286987e-02
8.354920893907546997e-02
1.915395259857177734e-01
-4.271987080574035645e-02
1.577799171209335327e-01
4.012217372655868530e-02
2.751891613006591797e-01
5.451259016990661621e-02
1.536997128278017044e-02
1.994534134864807129e-01
1.654907166957855225e-01
1.161014139652252197e-01
2.213269472122192383e-01
3.319891691207885742e-01
1.886558160185813904e-02
3.458234667778015137e-01
1.927666552364826202e-02
2.996885478496551514e-01
4.370968937873840332e-01
4.805908724665641785e-02
-4.655088484287261963e-02
1.530710607767105103e-01
2.396644353866577148e-01
2.242388129234313965e-01
1.975353062152862549e-02
5.559076070785522461e-01
9.398689121007919312e-02
-9.236988425254821777e-02
1.592950671911239624e-01
3.003419376909732819e-02
5.143383890390396118e-02
9.130918234586715698e-02
1.135060787200927734e-01
2.320932000875473022e-01
1.471164822578430176e-01
1.740961968898773193e-01
-4.068437591195106506e-02
-3.750513866543769836e-02
4.412498474121093750e-01
1.390734761953353882e-01
3.682504892349243164e-01
1.817318797111511230e-01
4.185640513896942139e-01
1.603685766458511353e-01
4.110034406185150146e-01
1.252454239875078201e-02
9.193217009305953979e-02
-3.389326110482215881e-02
1.186731606721878052e-01
1.929495334625244141e-01
3.637947142124176025e-01
3.230806440114974976e-02
1.990134865045547485e-01
4.990670364350080490e-03
4.620175659656524658e-01
-2.077232301235198975e-02
2.508336305618286133e-01
1.978915333747863770e-01
2.291449112817645073e-03
1.610132753849029541e-01
7.184764742851257324e-02
3.344270884990692139e-01
5.377599969506263733e-02
8.800813555717468262e-02
9.082659333944320679e-02
3.354777097702026367e-01
-1.535007264465093613e-02
1.895976364612579346e-01
3.722528517246246338e-01
1.673827022314071655e-01
2.766375541687011719e-01
3.481148779392242432e-01
1.620050370693206787e-01
3.441745638847351074e-01
-1.337266061455011368e-02
1.175123602151870728e-01
2.350138127803802490e-01
1.046576946973800659e-01
1.112861558794975281e-01
-1.711160689592361450e-02
1.654533147811889648e-01
1.887610852718353271e-01
5.533636547625064850e-03
1.550472527742385864e-01
1.088650748133659363e-01
3.336623609066009521e-01
1.091618835926055908e-01
1.182736009359359741e-01
1.998190730810165405e-01
2.082186937332153320e-01
-7.243415713310241699e-02
1.732489839196205139e-02
1.007175967097282410e-01
2.748955786228179932e-01
1.307801902294158936e-01
2.408131211996078491e-01
1.116810441017150879e-01
2.751055955886840820e-01
-7.184692472219467163e-02
7.467647641897201538e-02
4.219104945659637451e-01
2.468974292278289795e-01
1.093969941139221191e-01
2.791756093502044678e-01
9.832007437944412231e-02
2.011353969573974609e-01
2.793555520474910736e-02
3.997611999511718750e-01
2.887578904628753662e-01
1.794138848781585693e-01
3.064099848270416260e-01
3.060137033462524414e-01
2.906424105167388916e-01
2.665037512779235840e-01
1.018825918436050415e-02
3.096919655799865723e-01
3.200180530548095703e-01
3.484988585114479065e-02
2.451696544885635376e-01
1.595001071691513062e-01
1.452623456716537476e-01
-2.736852318048477173e-02
2.057321816682815552e-01
-1.189667917788028717e-02
2.204433232545852661e-01
6.903832405805587769e-02
2.372457087039947510e-01
-9.294883348047733307e-04
1.655509471893310547e-01
4.440559132490307093e-04
2.464136481285095215e-01
1.168340295553207397e-01
1.191716827452182770e-02
9.868150204420089722e-02
2.748743593692779541e-01
-1.596024632453918457e-01
7.206955552101135254e-02
2.737409770488739014e-01
2.094325721263885498e-01
3.008738756179809570e-01
8.725099265575408936e-02
6.118107214570045471e-02
2.505390942096710205e-01
1.839736849069595337e-01
9.904284030199050903e-02
3.515817970037460327e-02
1.877220869064331055e-01
1.677153408527374268e-01
3.134246170520782471e-01
2.280381172895431519e-01
1.561893820762634277e-01
1.605575680732727051e-01
1.507537215948104858e-01
-3.349203616380691528e-02
2.187625020742416382e-01
-4.566989094018936157e-02
1.021594256162643433e-01
1.567250490188598633e-01
8.125462383031845093e-02
-6.875961273908615112e-02
7.728348672389984131e-02
-2.199669741094112396e-02
-1.143805012106895447e-01
3.206924200057983398e-01
2.189007401466369629e-02
2.833216190338134766e-01
6.395545601844787598e-02
-5.573553219437599182e-02
3.211200833320617676e-01
2.128843367099761963e-01
7.675297558307647705e-02
6.901220232248306274e-02
1.605509668588638306e-01
3.977312147617340088e-01
2.875783145427703857e-01
3.526885211467742920e-01
3.253027200698852539e-01
9.131400287151336670e-02
1.395557969808578491e-01
1.977698653936386108e-01
1.727506369352340698e-01
7.310279458761215210e-02
5.711565911769866943e-02
2.811564207077026367e-01
2.249614745378494263e-01
1.468160152435302734e-01
3.459025621414184570e-01
1.879119873046875000e-01
-5.011017248034477234e-02
2.425512671470642090e-01
6.887475401163101196e-02
3.613815009593963623e-01
2.982695400714874268e-01
3.685065209865570068e-01
2.594502866268157959e-01
6.126935407519340515e-02
1.922023892402648926e-01
2.433170564472675323e-02
1.938302814960479736e-01
1.058434545993804932e-01
4.240138828754425049e-02
1.239386200904846191e-01
3.539808094501495361e-02
1.451042443513870239e-01
1.987280845642089844e-01
2.809277176856994629e-01
9.277160465717315674e-02
-1.713857054710388184e-01
2.375822067260742188e-01
9.443216770887374878e-02
-9.014754742383956909e-02
2.742781341075897217e-01
1.706667430698871613e-02
1.175084188580513000e-01
-1.385833974927663803e-02
6.392095983028411865e-02
2.737587690353393555e-01
-5.609411164186894894e-04
1.384212672710418701e-01
1.968971043825149536e-01
2.391348481178283691e-01
1.529540568590164185e-01
3.221989274024963379e-01
1.416234076023101807e-01
3.871344923973083496e-01
-1.272791326045989990e-01
1.433669030666351318e-01
1.134995818138122559e-01
1.588226705789566040e-01
1.326080411672592163e-01
5.564583837985992432e-02
1.568563133478164673e-01
2.049334049224853516e-01
7.722061127424240112e-02
-9.125567972660064697e-02
1.872027069330215454e-01
1.430026590824127197e-01
2.044149041175842285e-01
-1.718804240226745605e-01
1.505609005689620972e-01
3.642667531967163086e-01
8.033908158540725708e-02
2.724699974060058594e-01
1.280983537435531616e-01
3.627352416515350342e-01
2.613385915756225586e-01
1.667039096355438232e-01
-1.070300117135047913e-01
1.762704402208328247e-01
1.229233890771865845e-01
1.387147903442382812e-01
1.551890671253204346e-01
-1.119103748351335526e-02
5.173997208476066589e-02
1.898996680974960327e-01
2.470072060823440552e-01
2.868517637252807617e-01
-6.256925314664840698e-02
4.014731943607330322e-02
4.763092473149299622e-02
-3.930462151765823364e-02
2.054810225963592529e-01
-1.511900965124368668e-02
1.506512612104415894e-01
2.262996733188629150e-01
3.018048219382762909e-02
1.694367378950119019e-01
2.179898470640182495e-01
-1.626069992780685425e-01
5.978226661682128906e-02
7.043199241161346436e-02
6.221881136298179626e-02
4.437640681862831116e-02
8.352302014827728271e-03
1.405949741601943970e-01
7.524573802947998047e-02
2.215211391448974609e-01
2.030407637357711792e-01
7.714583538472652435e-03
2.278354912996292114e-01
3.274063169956207275e-01
8.898366242647171021e-02
3.522709906101226807e-01
3.956515789031982422e-01
3.298903629183769226e-02
8.382762968540191650e-02
2.259534448385238647e-01
8.548538386821746826e-02
2.631031870841979980e-01
7.033066451549530029e-02
5.201011523604393005e-02
8.437515236437320709e-03
9.216421097517013550e-02
1.214087679982185364e-01
3.044177591800689697e-01
1.721170693635940552e-01
1.068431437015533447e-01
-5.501887202262878418e-02
2.507140934467315674e-01
8.260892331600189209e-02
4.058981835842132568e-01
9.357761591672897339e-02
-1.337576657533645630e-02
5.617837309837341309e-01
6.277608871459960938e-02
1.821427941322326660e-01
5.467863008379936218e-02
2.009520232677459717e-01
2.726128101348876953e-01
1.295572370290756226e-01
5.443123728036880493e-02
2.606377303600311279e-01
2.764320969581604004e-01
5.869511514902114868e-02
1.009864509105682373e-01
2.119919061660766602e-01
2.909116148948669434e-01
-3.719268133863806725e-03
4.793802797794342041e-01
3.589897751808166504e-01
4.204258322715759277e-01
1.309036463499069214e-01
1.818816363811492920e-01
1.402473449707031250e-01
1.427816152572631836e-01
1.766645014286041260e-01
1.925971508026123047e-01
1.326113492250442505e-01
-8.185864984989166260e-02
2.131598889827728271e-01
6.032151728868484497e-02
-4.153341427445411682e-02
3.068159818649291992e-01
1.971299350261688232e-01
1.400460004806518555e-01
2.754614353179931641e-01
6.585975736379623413e-02
1.035047471523284912e-01
2.473248839378356934e-01
2.753572165966033936e-01
5.483489949256181717e-03
3.634707033634185791e-01
1.673279404640197754e-01
3.630244731903076172e-01
-8.359110914170742035e-03
6.629550457000732422e-02
1.124335378408432007e-01
2.782625844702124596e-03
2.930481135845184326e-01
1.040344536304473877e-01
4.186236113309860229e-02
1.466183215379714966e-01
2.380751073360443115e-02
-4.677885770797729492e-02
3.921953216195106506e-02
1.425847783684730530e-02
2.988009452819824219e-01
2.937994301319122314e-01
3.943254053592681885e-01
2.330000400543212891e-01
2.275768965482711792e-01
2.451907247304916382e-01
-5.313257221132516861e-03
2.061985731124877930e-01
2.104837298393249512e-01
4.222392141819000244e-01
-7.360382378101348877e-02
1.508543789386749268e-01
4.225327968597412109e-01
-1.655279248952865601e-01
1.100183930248022079e-02
5.127800628542900085e-02
3.313045948743820190e-02
1.847814321517944336e-01
-2.864927239716053009e-02
3.559200093150138855e-03
-1.947316713631153107e-02
-3.224081173539161682e-02
5.620219111442565918e-01
3.759010732173919678e-01
2.040516883134841919e-01
2.941030859947204590e-01
4.070067778229713440e-02
1.958155035972595215e-01
6.822692602872848511e-02
-1.923594996333122253e-02
1.199326068162918091e-01
1.872791647911071777e-01
1.852889806032180786e-01
-4.690217599272727966e-02
3.795930445194244385e-01
2.176257967948913574e-01
3.784960834309458733e-03
2.811323106288909912e-01
2.163384109735488892e-02
-7.648507598787546158e-03
2.519647181034088135e-01
1.102892234921455383e-01
3.325811028480529785e-02
2.547440826892852783e-01
-4.591437056660652161e-02
2.112969458103179932e-01
2.519340813159942627e-01
6.640125066041946411e-02
5.769457668066024780e-03
3.552265837788581848e-02
-3.963373973965644836e-02
9.005786478519439697e-02
1.766929179430007935e-01
-1.083264052867889404e-01
1.409455835819244385e-01
2.390763908624649048e-01
2.431110888719558716e-01
4.155463278293609619e-01
6.646938621997833252e-02
5.191379189491271973e-01
5.768649745732545853e-03
1.477712988853454590e-01
-1.638934761285781860e-01
3.093242347240447998e-01
3.189375996589660645e-01
1.649160832166671753e-01
2.245536297559738159e-01
1.626263558864593506e-01
1.707410961389541626e-01
2.669740021228790283e-01
2.341871559619903564e-01
3.183117806911468506e-01
-1.379105895757675171e-01
2.846448421478271484e-01
2.317560315132141113e-01
-8.130616694688796997e-02
4.158719778060913086e-01
4.947054758667945862e-02
5.092699453234672546e-02
2.543715536594390869e-01
3.896881639957427979e-01
3.305881023406982422e-01
2.067962884902954102e-01
1.801888644695281982e-02
1.095898896455764771e-01
2.837707996368408203e-01
3.432084023952484131e-01
1.405289173126220703e-01
-1.179195567965507507e-01
5.150847136974334717e-02
8.182723075151443481e-02
3.868808746337890625e-01
1.354653667658567429e-02
2.187019437551498413e-01
3.539547324180603027e-01
6.728836894035339355e-02
3.771172761917114258e-01
1.321430057287216187e-01
2.868234924972057343e-02
1.903528720140457153e-01
6.265447288751602173e-02
2.491454780101776123e-01
2.107313275337219238e-01
-8.712332695722579956e-02
2.309661656618118286e-01
8.627597987651824951e-02
1.188954189419746399e-01
7.221553474664688110e-02
2.119440585374832153e-01
1.213584840297698975e-01
1.515177786350250244e-01
-1.982613950967788696e-01
5.366599559783935547e-02
-2.157037705183029175e-01
3.992072865366935730e-02
1.053674221038818359e-01
2.267459332942962646e-01
-3.807563707232475281e-02
-1.120770722627639771e-02
1.350500285625457764e-01
1.471783369779586792e-01
4.151835739612579346e-01
-1.164524164050817490e-02
6.232158839702606201e-02
4.977784156799316406e-01
1.932519376277923584e-01
-1.047176420688629150e-01
1.098357242881320417e-04
2.751668393611907959e-01
1.603770405054092407e-01
3.185310661792755127e-01
4.297031164169311523e-01
-4.537658765912055969e-02
1.899850368499755859e-01
2.373559176921844482e-01
-4.715688899159431458e-02
4.244096875190734863e-01
4.124823510646820068e-01
-2.528742514550685883e-02
2.104942351579666138e-01
-3.239360749721527100e-01
1.097643747925758362e-01
1.555551290512084961e-01
2.314023971557617188e-01
1.790897548198699951e-01
2.976592779159545898e-01
3.895567357540130615e-01
-3.405172005295753479e-02
3.818862736225128174e-01
8.751200139522552490e-02
1.354296505451202393e-01
1.149272918701171875e-01
3.905951604247093201e-02
1.050547659397125244e-01
1.639943718910217285e-01
9.520865231752395630e-02
1.312266290187835693e-01
4.309991002082824707e-01
1.946138590574264526e-01
1.505468189716339111e-01
1.750525236129760742e-01
-4.709367081522941589e-02
-2.048759907484054565e-01
3.539041876792907715e-01
4.142706468701362610e-02
-6.706689298152923584e-02
4.001956880092620850e-01
2.310597896575927734e-01
1.235266029834747314e-01
1.919095516204833984e-01
-1.033167541027069092e-01
1.718550771474838257e-01
2.395683526992797852e-02
-4.068126156926155090e-02
6.328576803207397461e-02
2.044887095689773560e-02
1.871029883623123169e-01
3.354197740554809570e-02
3.829569369554519653e-02
2.038507908582687378e-01
1.633678227663040161e-01
4.684944450855255127e-02
1.696005314588546753e-01
4.215348139405250549e-02
4.211688339710235596e-01
2.956688106060028076e-01
1.841726005077362061e-01
2.230272591114044189e-01
2.888488769531250000e-01
2.063192278146743774e-01
2.464645951986312866e-01
-2.532101469114422798e-03
2.884812057018280029e-01
-8.739632368087768555e-02
4.183176159858703613e-01
7.153014093637466431e-02
1.374454349279403687e-01
1.298040747642517090e-01
3.055657744407653809e-01
2.617787420749664307e-01
2.871778309345245361e-01
1.416942775249481201e-01
4.746985733509063721e-01
2.230336517095565796e-01
3.177550435066223145e-02
1.219717934727668762e-01
2.712650895118713379e-01
5.272002890706062317e-02
5.295675620436668396e-02
3.700056374073028564e-01
5.457964539527893066e-02
1.867875643074512482e-02
3.280446231365203857e-01
1.753108203411102295e-01
2.667554914951324463e-01
2.583211660385131836e-01
1.007733866572380066e-01
2.494929879903793335e-01
1.983117908239364624e-01
1.621464788913726807e-01
6.330636888742446899e-02
1.946965456008911133e-01
5.535658076405525208e-02
1.034545004367828369e-01
1.505692601203918457e-01
-5.947406869381666183e-03
1.730608753859996796e-02
2.181027531623840332e-01
9.010548889636993408e-02
1.140435859560966492e-01
3.386560976505279541e-01
-1.231750752776861191e-02
2.708834707736968994e-01
5.488786846399307251e-02
3.981317579746246338e-01
1.604901105165481567e-01
3.794219791889190674e-01
9.993933886289596558e-02
3.345818519592285156e-01
1.640250682830810547e-01
8.512207865715026855e-02
8.115141093730926514e-02
8.312622457742691040e-02
3.244955241680145264e-01
3.272213041782379150e-01
1.068218499422073364e-01
1.736025810241699219e-01
-1.627366840839385986e-01
8.530583232641220093e-02
6.486054509878158569e-02
1.294651925563812256e-01
2.650074958801269531e-01
2.890884280204772949e-01
3.332887887954711914e-01
2.698362469673156738e-01
2.389288544654846191e-01
1.835724711418151855e-01
6.085627153515815735e-02
2.955154478549957275e-01
3.391151726245880127e-01
1.430495828390121460e-01
4.150870442390441895e-01
3.426045179367065430e-01
1.522635519504547119e-01
7.081764191389083862e-02
-4.274005442857742310e-02
5.429309979081153870e-02
9.829504042863845825e-02
-2.246568724513053894e-02
6.495612859725952148e-02
5.265052989125251770e-02
2.014553993940353394e-01
9.539857506752014160e-02
4.953679069876670837e-02
1.524972766637802124e-01
2.222981676459312439e-02
1.468466222286224365e-01
2.854065597057342529e-01
-2.465797960758209229e-02
4.903304278850555420e-01
3.166282773017883301e-01
-5.369475111365318298e-02
1.468157470226287842e-01
3.009748160839080811e-01
2.214840948581695557e-01
6.832348555326461792e-02
-1.465279608964920044e-01
-1.759718805551528931e-01
1.483568698167800903e-01
1.206254065036773682e-01
2.011673599481582642e-01
3.437819480895996094e-01
3.651170432567596436e-01
8.750145137310028076e-02
3.152782320976257324e-01
1.273626685142517090e-01
2.307247519493103027e-01
-8.441851823590695858e-04
8.975111693143844604e-02
1.305220574140548706e-01
2.370346933603286743e-01
2.137840986251831055e-01
9.368130564689636230e-02
9.802204370498657227e-02
1.823180168867111206e-01
2.224169969558715820e-01
1.113779097795486450e-01
-1.426643282175064087e-01
-1.148809026926755905e-02
1.139403209090232849e-01
2.451306879520416260e-01
4.878234863281250000e-01
9.355696290731430054e-02
2.851173840463161469e-02
2.949480116367340088e-01
3.737384676933288574e-01
1.655437201261520386e-01
2.732879221439361572e-01
5.568791180849075317e-02
2.329023033380508423e-01
-1.277467459440231323e-01
2.206025570631027222e-01
-1.926425099372863770e-02
2.082640975713729858e-01
2.974231839179992676e-01
2.663962244987487793e-01
1.063674837350845337e-01
-2.968169562518596649e-02
2.598974406719207764e-01
1.117518842220306396e-01
1.455348730087280273e-01
-4.859102517366409302e-02
1.002683639526367188e-01
3.572485446929931641e-01
2.874523960053920746e-02
1.332852691411972046e-01
2.608485817909240723e-01
9.249772876501083374e-02
1.747367680072784424e-01
9.919812530279159546e-02
2.999888062477111816e-01
2.518748641014099121e-01
3.443541526794433594e-01
-7.058601826429367065e-02
1.290386021137237549e-01
1.172374188899993896e-01
1.981872171163558960e-01
3.891334682703018188e-02
-5.132439546287059784e-03
1.195115670561790466e-01
8.785273134708404541e-02
1.196556631475687027e-02
3.287648558616638184e-01
2.682681083679199219e-01
3.522961735725402832e-01
1.900072246789932251e-01
1.571960598230361938e-01
6.800574064254760742e-02
1.941541135311126709e-01
5.411878600716590881e-02
3.551743552088737488e-02
3.185909986495971680e-01
3.109571933746337891e-01
2.132918834686279297e-01
6.942093372344970703e-02
3.704895377159118652e-01
1.312659978866577148e-01
