-1.512373145669698715e-02
-1.800321042537689209e-02
-1.512187439948320389e-02
-1.803390309214591980e-02
-1.779259741306304932e-02
-1.512396894395351410e-02
-1.514459028840065002e-02
-1.802257820963859558e-02
-1.803915388882160187e-02
-1.515339594334363937e-02
-1.801516115665435791e-02
-1.803147606551647186e-02
-1.509833149611949921e-02
-1.797927916049957275e-02
-1.782044768333435059e-02
-1.508124452084302902e-02
-1.801868900656700134e-02
-1.802065037190914154e-02
-1.800660230219364166e-02
-1.513225864619016647e-02
-1.802351884543895721e-02
-1.802550069987773895e-02
-1.514966879040002823e-02
-1.803865469992160797e-02
-1.521104853600263596e-02
-1.515005622059106827e-02
-1.800761744379997253e-02
-1.509627606719732285e-02
-1.799941807985305786e-02
-1.799689605832099915e-02
-1.509331632405519485e-02
-1.803831011056900024e-02
-1.512248069047927856e-02
-1.800836063921451569e-02
-1.800491847097873688e-02
-1.512761693447828293e-02
-1.801136322319507599e-02
-1.510989014059305191e-02
-1.802978292107582092e-02
-1.806023158133029938e-02
-1.804754510521888733e-02
-1.511816307902336121e-02
-1.800231449306011200e-02
-1.804666779935359955e-02
-1.799923181533813477e-02
-1.509683858603239059e-02
-1.801345311105251312e-02
-1.797267235815525055e-02
-1.801115646958351135e-02
-1.517673674970865250e-02
-1.509830541908740997e-02
-1.799175888299942017e-02
-1.511634979397058487e-02
-1.513681281358003616e-02
-1.800099201500415802e-02
-1.804334111511707306e-02
-1.513662561774253845e-02
-1.792724989354610443e-02
-1.517484895884990692e-02
-1.510790176689624786e-02
-1.798662357032299042e-02
-1.807036250829696655e-02
-1.802369020879268646e-02
-1.803492009639739990e-02
-4.557552747428417206e-03
-5.929596722126007080e-03
-5.722427275031805038e-03
-4.281178582459688187e-03
-6.062711123377084732e-03
-5.501903127878904343e-03
-4.448096267879009247e-03
-5.636265035718679428e-03
-6.580282002687454224e-03
-3.377804299816489220e-03
-5.511533003300428391e-03
-4.019564483314752579e-03
-4.755546338856220245e-03
-5.956948734819889069e-03
-5.798500962555408478e-03
-6.256834138184785843e-03
-4.757735878229141235e-03
-3.321865107864141464e-03
-5.534053314477205276e-03
-4.528937861323356628e-03
-4.726988729089498520e-03
-4.585274960845708847e-03
-4.841173533350229263e-03
-5.125478841364383698e-03
-5.561410915106534958e-03
-5.652213003486394882e-03
-5.065249744802713394e-03
-5.212928168475627899e-03
-4.530312027782201767e-03
-5.462557543069124222e-03
-6.025921087712049484e-03
-4.307751543819904327e-03
-5.391231272369623184e-03
-6.014050915837287903e-03
-3.736665006726980209e-03
-4.713899921625852585e-03
-5.274500232189893723e-03
-4.980876110494136810e-03
-4.691200796514749527e-03
-4.109619650989770889e-03
-4.202168434858322144e-03
-4.950790200382471085e-03
-5.394311621785163879e-03
-4.142724443227052689e-03
-4.542870912700891495e-03
-4.991151392459869385e-03
-5.351718515157699585e-03
-4.468492697924375534e-03
-4.898223560303449631e-03
-6.110158283263444901e-03
-4.638701677322387695e-03
-4.621047060936689377e-03
-4.941115621477365494e-03
-4.045929294079542160e-03
-5.743830464780330658e-03
-4.451267421245574951e-03
-5.585384089499711990e-03
-6.231319624930620193e-03
-4.428655840456485748e-03
-5.273462273180484772e-03
-5.518157500773668289e-03
-5.843178834766149521e-03
-4.194604232907295227e-03
-5.004582926630973816e-03
