-1.802431419491767883e-02
-1.667580939829349518e-02
-1.801228523254394531e-02
-1.801723614335060120e-02
-1.800710894167423248e-02
-1.667708158493041992e-02
-1.802736707031726837e-02
-1.666940562427043915e-02
-1.667348854243755341e-02
-1.667919382452964783e-02
-1.667967624962329865e-02
-1.801229827105998993e-02
-1.668503880500793457e-02
-1.802622713148593903e-02
-1.666727103292942047e-02
-1.800842024385929108e-02
-1.801562868058681488e-02
-1.800221391022205353e-02
-1.667675003409385681e-02
-1.667583175003528595e-02
-1.667458936572074890e-02
-1.667837426066398621e-02
-1.801472157239913940e-02
-1.802257820963859558e-02
-1.667535118758678436e-02
-1.667256094515323639e-02
-1.801094226539134979e-02
-1.667065545916557312e-02
-1.667819917201995850e-02
-1.667929068207740784e-02
-1.668514311313629150e-02
-1.668548770248889923e-02
-1.668367348611354828e-02
-1.800951547920703888e-02
-1.667507551610469818e-02
-1.801352761685848236e-02
-1.800910942256450653e-02
-1.802531443536281586e-02
-1.668245345354080200e-02
-1.801125891506671906e-02
-1.801382191479206085e-02
-1.668625511229038239e-02
-1.801352016627788544e-02
-1.802094466984272003e-02
-1.801610365509986877e-02
-1.801614090800285339e-02
-1.800193637609481812e-02
-1.668494567275047302e-02
-1.801751926541328430e-02
-1.801650598645210266e-02
-1.801741868257522583e-02
-1.801173761487007141e-02
-1.801606826484203339e-02
-1.802539080381393433e-02
-1.801265776157379150e-02
-1.668535172939300537e-02
-1.801769249141216278e-02
-1.802557148039340973e-02
-1.667826063930988312e-02
-1.801885478198528290e-02
-1.802486553788185120e-02
-1.800918206572532654e-02
-1.800800301134586334e-02
-1.802442409098148346e-02
-1.473848670721054077e-01
-1.321162283420562744e-01
-1.273846477270126343e-01
-1.392018795013427734e-01
-1.293104737997055054e-01
-1.383882910013198853e-01
-1.320995390415191650e-01
-1.295821517705917358e-01
-1.389830708503723145e-01
-1.410695761442184448e-01
-1.382358074188232422e-01
-1.393009275197982788e-01
-1.344714015722274780e-01
-1.381099969148635864e-01
-1.396458745002746582e-01
-1.441128849983215332e-01
-1.330167204141616821e-01
-1.363791674375534058e-01
-1.300433278083801270e-01
-1.337206065654754639e-01
-1.403072178363800049e-01
-1.355172842741012573e-01
-1.379857063293457031e-01
-1.419252753257751465e-01
-1.289632171392440796e-01
-1.387928426265716553e-01
-1.272826343774795532e-01
-1.261396855115890503e-01
-1.340551674365997314e-01
-1.435845792293548584e-01
-1.406379640102386475e-01
-1.417051106691360474e-01
-1.402717977762222290e-01
-1.254523992538452148e-01
-1.428134143352508545e-01
-1.361504495143890381e-01
-1.357284039258956909e-01
-1.413106620311737061e-01
-1.449265331029891968e-01
-1.324947923421859741e-01
-1.371166706085205078e-01
-1.297608464956283569e-01
-1.339479982852935791e-01
-1.436843276023864746e-01
-1.360453218221664429e-01
-1.412040293216705322e-01
-1.425091475248336792e-01
-1.404533982276916504e-01
-1.414050459861755371e-01
-1.446902304887771606e-01
-1.358553767204284668e-01
-1.357437074184417725e-01
-1.454587876796722412e-01
-1.386936157941818237e-01
-1.399141699075698853e-01
-1.439946144819259644e-01
-1.274519562721252441e-01
-1.395041942596435547e-01
-1.355976611375808716e-01
-1.300149559974670410e-01
-1.405349075794219971e-01
-1.422432363033294678e-01
-1.303939372301101685e-01
-1.388456076383590698e-01
