-7.640356570482254028e-02
-7.427322864532470703e-02
-7.616500556468963623e-02
-7.639402896165847778e-02
-7.433948665857315063e-02
-7.639328390359878540e-02
-7.964645326137542725e-02
-7.663878053426742554e-02
-7.639012485742568970e-02
-7.103452086448669434e-02
-7.639547437429428101e-02
-7.450365275144577026e-02
-7.650619745254516602e-02
-7.641173154115676880e-02
-7.587850093841552734e-02
-7.638790458440780640e-02
-7.210483402013778687e-02
-7.671527564525604248e-02
-7.638817280530929565e-02
-7.640275359153747559e-02
-7.638901472091674805e-02
-7.609696686267852783e-02
-7.680919766426086426e-02
-7.640115171670913696e-02
9.769442840479314327e-06
-7.639192789793014526e-02
-7.717160880565643311e-02
-7.592965662479400635e-02
-7.639228552579879761e-02
-7.700027525424957275e-02
-7.639517635107040405e-02
-7.783683389425277710e-02
-7.662014663219451904e-02
-7.640226930379867554e-02
-1.000599013423197903e-06
-7.639018446207046509e-02
-7.567178457975387573e-02
-7.634072005748748779e-02
-7.640054076910018921e-02
-7.532108575105667114e-02
-7.639165222644805908e-02
-7.524295151233673096e-02
-7.637268304824829102e-02
-7.638888806104660034e-02
-7.620728760957717896e-02
-7.638463377952575684e-02
-7.644007354974746704e-02
-7.671815156936645508e-02
-7.639852911233901978e-02
-7.621870934963226318e-02
-7.638954371213912964e-02
-7.476428896188735962e-02
-7.633078098297119141e-02
-7.639887183904647827e-02
-7.652094960212707520e-02
-7.639445364475250244e-02
-7.830924540758132935e-02
-7.574082911014556885e-02
-7.639487832784652710e-02
-7.651868462562561035e-02
-7.639230787754058838e-02
-7.716485112905502319e-02
-7.649963349103927612e-02
-7.639939337968826294e-02
-7.657106965780258179e-02
-7.639387249946594238e-02
-7.605811953544616699e-02
-7.620842754840850830e-02
-7.639562338590621948e-02
-7.647184282541275024e-02
-7.639196515083312988e-02
-7.545944303274154663e-02
-7.661807537078857422e-02
-7.639459520578384399e-02
6.174209829623578116e-06
-7.639201730489730835e-02
9.083953955268952996e-06
9.077082722797058523e-06
-1.397076175635447726e-05
1.095101197279291227e-05
-7.640293985605239868e-02
-3.940618626074865460e-06
-2.645555014169076458e-06
-1.417057774233398959e-05
1.363829596812138334e-05
-7.640624046325683594e-02
6.458336429204791784e-06
-1.774340671545360237e-05
-1.089523266273317859e-06
-1.009762968351424206e-06
-7.639478147029876709e-02
5.401040652941446751e-06
-5.393592800828628242e-06
-7.647425263712648302e-06
-4.045128662255592644e-06
-7.639823853969573975e-02
-1.400885503244353458e-05
3.586745151551440358e-06
4.055438864725147141e-07
-5.813762527395738289e-06
-7.640091329813003540e-02
-2.565344402682967484e-06
7.130939820854109712e-07
-5.138170308782719076e-06
7.768057344037515577e-07
-7.639415562152862549e-02
1.189238446386298165e-06
-9.138891527982195839e-07
-1.248976241186028346e-05
7.073846290950314142e-07
-7.639417797327041626e-02
-8.548631740268319845e-06
-1.822540866669442039e-06
8.104598805402929429e-07
-1.760057671162940096e-06
-7.639327645301818848e-02
7.246604582178406417e-06
6.494346962426789105e-06
-6.840634227955888491e-07
2.464175850036554039e-06
-7.639543712139129639e-02
9.420465175935532898e-06
3.515094704198418185e-06
1.148246610682690516e-06
-1.040593087964225560e-05
-7.639075815677642822e-02
-5.071974101156229153e-06
-2.114542212439118885e-07
1.100719509850023314e-05
-1.316367524850647897e-05
-7.638540863990783691e-02
5.245313332125078887e-06
-6.871980986034031957e-06
-5.301628334564156830e-06
4.820724370802054182e-07
-7.639082521200180054e-02
9.773953024705406278e-06
-8.950672167884476949e-07
1.371991743326361757e-06
8.859474265321409803e-10
-7.639219611883163452e-02
-3.655694627013872378e-06
-4.719473054137779400e-06
-3.804309187671606196e-07
1.149249055742984638e-05
-7.639283686876296997e-02
3.254420562370796688e-06
1.532387045699579176e-06
2.476674126228317618e-06
-6.485251560661708936e-06
1.003011766442796215e-05
-7.720639556646347046e-02
-4.245572909712791443e-02
-5.085163190960884094e-02
2.859723053916241042e-06
-3.815423697233200073e-02
5.389467787608737126e-06
5.026062694923894014e-07
-7.663135230541229248e-02
5.822660028934478760e-02
-4.053689735883381218e-06
9.643117664381861687e-06
4.924691438645822927e-06
1.510649212832504418e-06
-7.640296965837478638e-02
4.007452844234649092e-06
8.884089766070246696e-06
-8.224061275541316718e-06
-6.340349045785842463e-06
-3.056546802326920442e-06
-8.003372699022293091e-02
-6.585596501827239990e-02
-7.185511291027069092e-02
-2.715817799980868585e-06
-4.677746687775652390e-07
-3.050754173727909802e-07
-7.376305758953094482e-02
-1.255788505077362061e-01
-1.194473803043365479e-01
1.356164375465596095e-06
-2.793571525216975715e-07
-1.292700289923232049e-05
8.646817150292918086e-06
-7.617343217134475708e-02
-2.939290925860404968e-02
3.915686193067813292e-07
4.117401658731978387e-06
-5.381531082093715668e-06
3.469212970230728388e-06
-7.640217989683151245e-02
7.375558652711333707e-06
-4.693477421824354678e-06
-1.500534722254087683e-06
-4.308842108002863824e-06
6.172871962917270139e-06
-8.546688407659530640e-02
-6.157122924923896790e-02
-6.378397345542907715e-02
7.707035933890438173e-07
1.232931481354171410e-05
-2.112468990844718064e-07
-7.849328964948654175e-02
-1.984110847115516663e-02
-3.493188321590423584e-02
4.029981027997564524e-06
5.088768872951732192e-08
-2.045548626483650878e-06
2.580991576905944385e-06
-7.628899067640304565e-02
-5.099830403923988342e-02
-1.025398614729056135e-05
-1.670277924858964980e-05
2.124006186932092533e-06
1.186324607260758057e-05
-7.639009505510330200e-02
4.265370989742223173e-06
-7.182539320638170466e-06
8.067393537203315645e-06
-1.667010337769170292e-06
7.599685886816587299e-06
-7.692917436361312866e-02
6.740844994783401489e-02
-1.460698285882244818e-06
5.615971076622372493e-06
-3.747417167687672190e-06
-5.757000053563388065e-06
-8.072087913751602173e-02
1.234648004174232483e-01
1.823485456407070160e-02
-1.395470576426305342e-06
-2.914840706580434926e-06
6.295260845945449546e-06
-2.868255251087248325e-06
-7.608372718095779419e-02
-7.830468565225601196e-02
5.173154477233765647e-06
1.176654041046276689e-05
-6.056036454538116232e-06
-5.639825303660472855e-06
-7.641970366239547729e-02
-2.979973032779525965e-06
6.102160114096477628e-06
1.045056251314235851e-05
-1.923711124618421309e-06
7.914794878161046654e-06
-7.637864351272583008e-02
-4.468671977519989014e-03
2.348943098695599474e-06
7.858584467612672597e-06
3.612314458223409019e-06
-6.737073817930649966e-06
-7.637860625982284546e-02
-7.625214010477066040e-02
2.239059507846832275e-01
-5.386422799347201362e-06
-8.976801836979575455e-06
4.340922146184311714e-07
5.651746960211312398e-06
-7.597612589597702026e-02
-1.525203436613082886e-01
-4.531292688625399023e-06
2.498604089851141907e-06
1.306851800109143369e-06
5.227548172115348279e-06
-7.639253884553909302e-02
-1.349028116237604991e-05
2.510985950721078552e-06
6.517637416436627973e-07
6.562273938470752910e-06
-7.639088481664657593e-02
-9.027724445331841707e-06
-4.161308879702119157e-06
-7.356526111834682524e-06
1.766491095622768626e-06
-6.186639893712708727e-06
-8.534001608495600522e-06
-7.584197074174880981e-02
-6.926798820495605469e-02
-6.978886574506759644e-02
-8.163100346791907214e-07
6.626435151702025905e-07
8.731227353564463556e-06
-2.685187610040884465e-06
-7.683914154767990112e-02
-1.165170874446630478e-02
-8.994561540021095425e-06
-7.245140295708552003e-06
8.862665708875283599e-06
-7.235016255435766652e-06
-7.640384882688522339e-02
-5.424173195933690295e-06
-5.831250291521428153e-06
1.241647737515449990e-06
8.877376785676460713e-06
-7.049505711620440707e-06
-7.578618824481964111e-02
-1.301992386579513550e-01
6.763959390809759498e-06
1.621106804350347375e-07
-4.980450285074766725e-06
-6.527592631755396724e-06
-7.442869246006011963e-02
-1.755972951650619507e-01
1.364023685455322266e-01
9.658935596235096455e-06
-1.055726897902786732e-05
-3.213031050108838826e-06
-7.703113737989042420e-07
-7.615635544061660767e-02
-1.380573362112045288e-01
-5.127929853188106790e-06
-4.565630206343485042e-06
-4.125295163248665631e-06
6.392219347617356107e-06
-7.639304548501968384e-02
-8.323110705532599241e-06
7.241899879772972781e-07
-1.694691673037596047e-05
-1.157213432634307537e-06
-7.639027386903762817e-02
4.901542070001596585e-06
1.172064685306395404e-06
5.456429789774119854e-06
6.785130153730278835e-06
1.620474176888819784e-05
1.117061037803068757e-05
-7.694493979215621948e-02
-4.949937760829925537e-02
-1.406721211969852448e-02
4.351043571659829468e-06
4.331285254011163488e-06
5.061403385298035573e-07
-6.265525826165685430e-06
-7.645169645547866821e-02
-5.028232932090759277e-03
1.340182188869221136e-05
-1.460271505493437871e-06
-1.629916914680507034e-05
-5.244094154477352276e-06
-7.638547569513320923e-02
4.154932867095340043e-06
1.045193221216322854e-05
3.453958470345241949e-06
5.815845270262798294e-06
9.091349966183770448e-06
-7.748057693243026733e-02
5.756893754005432129e-02
8.060649747676507104e-07
-2.129771559111759416e-07
1.100034296541707590e-05
2.143358983630605508e-07
-7.741779088973999023e-02
-3.407429158687591553e-02
9.138125926256179810e-02
1.806570367079984862e-06
-1.071634596883086488e-05
-8.819872618914814666e-07
3.069447302550543100e-06
-7.641284167766571045e-02
-1.962072215974330902e-02
-1.170026916952338070e-05
-8.786108992353547364e-06
-1.931776296260068193e-06
7.201174412330146879e-06
-7.639574259519577026e-02
-9.513808549854729790e-07
-7.283252216438995674e-06
1.784623805178853218e-06
3.033724397027981468e-06
1.041937366608181037e-06
-7.658705860376358032e-02
-2.921835519373416901e-03
-2.858980678865918890e-06
-9.685975328466156498e-07
7.937713917272049002e-07
5.494022843777202070e-06
-7.638593763113021851e-02
-4.678298532962799072e-02
-2.916632406413555145e-02
1.545949817227665335e-05
8.645744856039527804e-06
-1.786879806786600966e-06
3.737034148798556998e-06
-7.606928795576095581e-02
-6.255332380533218384e-02
5.007439540349878371e-06
5.891530690860236064e-06
2.717532424867385998e-06
-1.014532244880683720e-05
-7.639036327600479126e-02
-1.356516713713062927e-05
-2.463154714860138483e-06
-3.906793153873877600e-06
9.151683002528443467e-07
1.232373506354633719e-06
-7.658447325229644775e-02
4.230462014675140381e-02
-2.885019739551353268e-06
1.295309402848943137e-06
9.018288437800947577e-06
4.457846898731077090e-06
-7.770355790853500366e-02
-4.106261208653450012e-02
-1.030803844332695007e-02
-2.010640173466526903e-06
-5.958041921257972717e-02
1.194049673358676955e-05
8.737788448343053460e-06
-7.646384090185165405e-02
-2.285667322576045990e-02
-1.237541255250107497e-06
1.206756564897659700e-06
7.305574399651959538e-06
-3.207683676009764895e-06
-7.639505714178085327e-02
9.620018317946232855e-06
-1.591088334862433840e-06
4.600526608555810526e-06
-2.423698788334149867e-06
-7.389118081846390851e-07
-7.626643031835556030e-02
-5.338125675916671753e-02
-1.457614143873797730e-05
-1.569306732562836260e-05
2.370537458773469552e-06
-5.363961918192217126e-06
-7.465367019176483154e-02
-1.193241700530052185e-01
-1.605249047279357910e-01
-3.250614781791227870e-06
7.382095191132975742e-06
6.277883585426025093e-06
-3.860581273329444230e-06
-7.704277336597442627e-02
7.162624597549438477e-02
5.205678917263867334e-06
-8.046244147408287972e-06
4.796521579919499345e-08
1.253905429621227086e-05
-7.638343423604965210e-02
4.580544441523670685e-07
-3.214351409042137675e-06
-3.161114136673859321e-06
-1.785894028216716833e-06
5.387522833188995719e-06
-7.628081738948822021e-02
-4.084564372897148132e-02
-1.624991568860423286e-06
-5.147942374605918303e-07
-4.638367954612476751e-06
-3.361048584338277578e-06
-7.571955770254135132e-02
-7.528485357761383057e-02
-5.228751152753829956e-02
1.023003187583526596e-05
-3.087678123847581446e-06
-7.645145956303167623e-07
3.253933655855689722e-08
-7.629156112670898438e-02
4.149959981441497803e-02
-1.228882183568202890e-06
1.718979092402150854e-06
-6.053764991520438343e-06
-7.867872227507177740e-06
-7.639216631650924683e-02
-3.351138047946733423e-06
-3.015576339748804457e-06
-9.367274287797044963e-06
3.015203901668428443e-06
-1.082873313862364739e-05
-7.621297240257263184e-02
-5.677641928195953369e-02
-9.691246305010281503e-06
-4.510485723585588858e-06
-7.327455932681914419e-06
-1.441996232642850373e-06
-7.707440853118896484e-02
2.036440884694457054e-03
-6.855394691228866577e-02
1.252305537491338328e-06
-3.745151843759231269e-06
1.902198846437386237e-06
4.583753707265714183e-06
-7.658053189516067505e-02
7.185414433479309082e-02
-6.641322670475346968e-06
2.914935066655743867e-07
-1.485088546360202599e-06
5.763615263276733458e-06
-7.639495283365249634e-02
-7.800535058777313679e-06
5.839926416228991002e-06
-3.469283001322764903e-06
-1.654102925385814160e-05
1.036136268339760136e-06
-7.631848752498626709e-02
2.578443661332130432e-02
1.490944305260200053e-05
6.028158622939372435e-06
9.831285751715768129e-06
-3.825551289082795847e-07
-7.780349254608154297e-02
3.405392169952392578e-02
1.565856672823429108e-02
6.265769115998409688e-06
-6.573800742626190186e-02
9.176942512567620724e-07
2.895472107411478646e-06
-7.618107646703720093e-02
-6.536236405372619629e-02
4.691053618444129825e-06
-8.852086466504260898e-06
-1.069454447133466601e-05
-3.004556674568448216e-06
-7.638730853796005249e-02
4.070294380653649569e-06
-1.500190955994185060e-05
6.033932095306226984e-06
-7.073988854244817048e-06
-7.638332992792129517e-02
2.428837433399166912e-06
-6.280886736931279302e-06
5.549141860683448613e-06
1.452996912121307105e-06
-9.038294592755846679e-06
-7.641393691301345825e-02
3.847754669550340623e-06
1.593837168911704794e-06
-1.877389991022937465e-06
-1.903572297123901080e-06
-7.638769596815109253e-02
2.152787374143372290e-06
1.777105467226647306e-07
4.397870725370012224e-06
3.083226602029753849e-06
-7.639428228139877319e-02
-2.049031991191441193e-06
-3.663420329758082516e-06
-6.883429250592598692e-06
-1.938865352713037282e-07
-7.640112191438674927e-02
6.614954600081546232e-06
3.142386731269652955e-06
1.817680981730518397e-06
1.861905161604227033e-06
-7.640778273344039917e-02
2.853155365301063284e-06
-5.903719284106045961e-06
1.984207983696251176e-06
5.891510227229446173e-06
-7.639845460653305054e-02
1.472931398893706501e-05
7.608761279698228464e-06
1.669485754973720759e-06
3.940349415643140674e-06
-7.640650123357772827e-02
-2.961388190669822507e-06
9.755967766977846622e-07
2.281229171785525978e-06
1.342599603049166035e-06
-7.639534026384353638e-02
-6.255930884435656480e-07
-1.507920615040347911e-06
-1.497076482337433845e-05
4.309038558858446777e-06
-7.639554888010025024e-02
1.719775355013553053e-05
-3.451074917393270880e-06
-2.810649448292679153e-06
-6.801717063353862613e-06
-7.638815790414810181e-02
-6.174318514240439981e-06
-3.378600013093091547e-06
2.637803618199541233e-06
4.021925178676610813e-06
-7.638282328844070435e-02
1.492300725658424199e-06
1.154809979198034853e-06
3.849466338579077274e-06
-7.166796422097831964e-06
-7.641258090734481812e-02
1.187050111184362322e-05
-3.728352112375432625e-06
-8.876026186044327915e-06
-1.115606119128642604e-05
-7.639076560735702515e-02
-1.466866160626523197e-05
-1.213649397868721280e-06
-2.000716222028131597e-06
1.814511165321164299e-06
-7.639767974615097046e-02
1.098323627957142889e-05
-7.359302003351331223e-07
1.265633090952178463e-05
1.590388251315744128e-06
-7.640539854764938354e-02
-6.267528078751638532e-06
1.036677349475212395e-05
1.117346528189955279e-05
1.000726388156181201e-05
-7.764741894789040089e-04
8.886202067515114322e-07
-8.079782873392105103e-02
-7.825166103430092335e-04
-5.663103237748146057e-02
9.313072077929973602e-03
-1.100859642028808594e-01
-9.548792243003845215e-02
-9.678772836923599243e-02
-6.744784861803054810e-02
-9.642168134450912476e-02
-9.717668592929840088e-02
-6.309072673320770264e-02
-1.355329006910324097e-01
-6.103691831231117249e-02
1.250678300857543945e-02
-6.322108209133148193e-02
-1.832760870456695557e-02
-6.111402437090873718e-02
-7.476175576448440552e-02
-7.883727666921913624e-04
-1.363452225923538208e-01
-1.420026123523712158e-01
-5.530292913317680359e-02
-1.349197179079055786e-01
-2.572930045425891876e-02
5.736593157052993774e-02
-1.287009268999099731e-01
-2.118405327200889587e-02
-1.223368942737579346e-01
-6.469375640153884888e-02
-3.699250891804695129e-02
-8.566927164793014526e-02
-1.045394986867904663e-01
-8.419593796133995056e-03
-6.167703866958618164e-02
-7.304899394512176514e-02
-7.890284177847206593e-04
5.248127308732364327e-06
-8.080025762319564819e-02
-7.821589824743568897e-04
3.745712774616549723e-06
-8.082007616758346558e-02
-7.639313489198684692e-02
-5.214165412326110527e-06
-2.252959120596642606e-06
-8.090129085758235306e-06
-6.019218744768295437e-06
-5.527975782752037048e-02
-7.573445145681034774e-06
-7.667994499206542969e-02
-5.528047308325767517e-02
-1.455846130847930908e-01
-7.355063408613204956e-02
-3.098492324352264404e-02
-1.338425874710083008e-01
-2.895132824778556824e-02
3.914514183998107910e-02
-5.924115702509880066e-02
-6.779280304908752441e-02
-4.401800408959388733e-02
-1.136178672313690186e-01
-8.778433501720428467e-02
-1.154019460082054138e-01
5.007060989737510681e-02
2.365071326494216919e-02
-7.611308991909027100e-02
-1.167981848120689392e-01
-5.528217181563377380e-02
-8.893956243991851807e-02
-5.413047596812248230e-02
-9.758080542087554932e-02
-7.734703272581100464e-02
-7.409009337425231934e-02
-7.063617557287216187e-02
-7.364431396126747131e-03
-8.483444899320602417e-02
-1.036018505692481995e-01
-2.259152196347713470e-02
-6.613924354314804077e-02
-6.438874453306198120e-02
-9.126655012369155884e-02
-2.125678770244121552e-02
-2.629435621201992035e-02
-1.071143820881843567e-01
-5.528024956583976746e-02
3.045420726266456768e-06
-7.669366896152496338e-02
-5.527908727526664734e-02
8.972421596808999311e-07
-7.667769491672515869e-02
-5.527135357260704041e-02
-7.669481635093688965e-02
-3.887823368131648749e-06
-3.425706836424069479e-06
1.384715488939036732e-07
-8.426682651042938232e-02
1.369513483950868249e-05
-7.542911916971206665e-02
-8.425584435462951660e-02
-8.398050814867019653e-02
-6.651620566844940186e-02
-7.728756219148635864e-02
-8.781836926937103271e-02
1.777575314044952393e-01
-1.271249502897262573e-01
-1.067241057753562927e-01
-6.711560487747192383e-02
-5.467871576547622681e-02
-9.024281799793243408e-02
-3.715725243091583252e-02
1.148383915424346924e-01
-3.246600972488522530e-04
-8.923842012882232666e-02
-8.736117929220199585e-02
-7.577216625213623047e-02
-8.427035808563232422e-02
3.176828846335411072e-02
-1.204266250133514404e-01
-7.497932016849517822e-02
-9.497007355093955994e-03
-2.337897755205631256e-02
-1.091078743338584900e-01
-1.236544921994209290e-01
-1.141506619751453400e-02
-1.203292533755302429e-01
-9.933929145336151123e-02
-4.486696794629096985e-02
-6.349479407072067261e-02
-7.368228584527969360e-02
-8.638293296098709106e-02
6.318895518779754639e-02
-1.763924770057201385e-02
-8.426298201084136963e-02
-6.537987701449310407e-06
-7.542724162340164185e-02
-8.425632119178771973e-02
9.813810720515903085e-06
-7.541771978139877319e-02
-8.426785469055175781e-02
-1.514884388598147780e-06
-7.543060928583145142e-02
-7.201354037533747032e-07
-7.669349542993586510e-06
-1.595807075500488281e-01
-4.697757049143547192e-06
-7.313124090433120728e-02
-1.595735549926757812e-01
-1.037015300244092941e-02
-5.237270519137382507e-02
-7.724630087614059448e-02
-9.912046790122985840e-02
-3.302209824323654175e-02
-1.335770040750503540e-01
-3.970199823379516602e-02
-2.345219254493713379e-02
-4.885093122720718384e-02
-1.009326577186584473e-01
-6.190006434917449951e-02
-4.132835566997528076e-02
-1.166162937879562378e-01
-5.114166066050529480e-02
-6.615926325321197510e-02
3.037199564278125763e-02
-1.595814079046249390e-01
-8.335978537797927856e-02
-1.013794615864753723e-01
-9.524845518171787262e-03
5.434780567884445190e-02
-6.342531740665435791e-02
-1.054347753524780273e-01
-1.631206832826137543e-02
-9.695477038621902466e-02
-5.916250869631767273e-02
-7.501355867134407163e-06
6.466525606811046600e-03
-5.896380171179771423e-02
-3.078049980103969574e-03
-6.716639548540115356e-02
-6.451053172349929810e-02
-1.163484156131744385e-01
-1.595755666494369507e-01
-8.875124876794870943e-06
-7.311598956584930420e-02
-1.595813184976577759e-01
-2.098911181747098453e-06
-7.310751080513000488e-02
-1.595799177885055542e-01
-4.958477802574634552e-06
4.848548542213393375e-06
-7.312478870153427124e-02
4.887282102572498843e-06
4.033876393805257976e-06
-7.640293985605239868e-02
-3.226109356546658091e-06
-2.324052729818504304e-06
-7.639751583337783813e-02
-9.939342362486058846e-07
-1.394589071423979476e-05
5.232057446846738458e-06
1.604128010512795299e-05
9.676082299847621471e-06
1.339314934512003674e-07
6.294504601100925356e-06
1.012088432617019862e-06
-1.513053666712949052e-05
-1.631199302210006863e-05
-4.722242920252028853e-06
9.566571179675520398e-08
4.737099175144976471e-07
-8.330741252393636387e-07
-5.409209734352771193e-06
-7.700641617702785879e-06
-7.640957087278366089e-02
-1.218363922816934064e-05
-5.051215907769801561e-07
6.925658453837968409e-06
6.219509486982133240e-06
2.289016265422105789e-06
-4.243571311235427856e-06
-5.438075731944991276e-06
7.773430297675076872e-06
-2.549412783992011100e-06
-5.621122454613214359e-06
6.882066372781991959e-06
4.898919996776385233e-06
1.835743660194566473e-06
-4.731204626295948401e-06
5.443754616862861440e-06
5.583456186286639422e-06
-7.639574259519577026e-02
6.405939529940951616e-06
-4.341914973338134587e-06
-7.638763636350631714e-02
-8.320967936015222222e-06
1.157993847300531343e-05
5.981078174954745919e-06
3.964473762607667595e-06
-2.456735956002376042e-06
-7.639271765947341919e-02
-1.051000580191612244e-01
-1.066998317837715149e-01
-4.856190085411071777e-02
-4.344518855214118958e-02
-1.138790547847747803e-01
-5.778142437338829041e-02
-1.412579268217086792e-01
-1.218340396881103516e-01
-1.214905306696891785e-01
-1.184100806713104248e-01
-1.011677756905555725e-01
-1.261615753173828125e-01
-1.033422648906707764e-01
-6.892762333154678345e-02
-7.657902315258979797e-03
-5.369023419916629791e-03
-4.915726184844970703e-02
-1.078323498368263245e-01
-5.342392623424530029e-02
-4.926734045147895813e-02
-4.999055340886116028e-02
-6.337840855121612549e-02
-6.932161748409271240e-02
-6.431194394826889038e-02
-7.817465066909790039e-02
-1.197240576148033142e-01
-6.078568752855062485e-03
-1.199987307190895081e-01
-1.064254865050315857e-01
-4.705886915326118469e-02
-1.568171679973602295e-01
-8.251598477363586426e-02
-4.229392111301422119e-02
-6.129526346921920776e-02
-5.749860778450965881e-02
-5.047958344221115112e-02
-4.576718807220458984e-02
3.606791049242019653e-02
-1.358104944229125977e-01
-1.025486364960670471e-01
-1.437264829874038696e-01
-1.099215447902679443e-01
-1.016733348369598389e-01
3.190435469150543213e-02
4.628086090087890625e-02
-2.204399183392524719e-02
-7.407682389020919800e-02
-1.050376519560813904e-01
-5.979961901903152466e-02
-1.143937408924102783e-01
-1.257405150681734085e-02
1.962229311466217041e-01
6.089237704873085022e-02
-6.296457350254058838e-02
-7.775238156318664551e-02
-8.361488580703735352e-02
-1.132486537098884583e-01
-9.744238853454589844e-02
-1.011466979980468750e-01
-1.018847078084945679e-01
-8.161483705043792725e-02
-6.754130870103836060e-02
-1.160304993391036987e-01
-9.857151657342910767e-02
-1.078646257519721985e-01
-5.614632740616798401e-03
5.408985540270805359e-02
-2.882131002843379974e-02
-1.408523470163345337e-01
-9.901369921863079071e-03
9.611363522708415985e-03
-1.129839494824409485e-01
-4.898200929164886475e-02
-7.526078820228576660e-02
5.539093539118766785e-02
-1.441059857606887817e-01
3.581470577046275139e-03
-6.547798961400985718e-02
-7.871930301189422607e-02
-7.825533300638198853e-02
1.924589276313781738e-02
-1.042705625295639038e-01
-3.545893728733062744e-02
-1.086260527372360229e-01
-7.546281814575195312e-02
-5.434216558933258057e-02
-9.716024994850158691e-02
-4.882984608411788940e-02
-1.231565773487091064e-01
-6.294728070497512817e-02
-7.527943700551986694e-02
-1.371974796056747437e-01
6.253551691770553589e-02
-8.218964189291000366e-02
-2.886951901018619537e-02
-6.071835756301879883e-02
-1.291484981775283813e-01
-6.332510709762573242e-02
-7.045589387416839600e-02
-7.517575472593307495e-02
-1.242106556892395020e-01
-1.123342141509056091e-01
-1.275423020124435425e-01
-9.122139960527420044e-02
-1.752820611000061035e-02
-1.163067370653152466e-01
-7.318590581417083740e-02
1.062859445810317993e-01
-1.173738762736320496e-01
-1.386052817106246948e-01
-8.329765498638153076e-02
-6.649307906627655029e-02
-5.404735356569290161e-02
-4.388582706451416016e-02
-9.397223591804504395e-02
-3.847675770521163940e-02
-1.152397468686103821e-01
-9.530604630708694458e-02
-9.226766973733901978e-02
-9.322522580623626709e-02
-7.944208383560180664e-02
-4.127193987369537354e-02
-9.315067529678344727e-02
-8.580144494771957397e-02
-1.111237704753875732e-01
-1.019014865159988403e-01
-5.820425227284431458e-02
-1.071251779794692993e-01
-1.291007399559020996e-01
-5.010290816426277161e-02
-1.151653975248336792e-01
-6.372927129268646240e-02
-1.047190204262733459e-01
-5.421349778771400452e-03
-8.118615299463272095e-02
-8.726197120267897844e-05
-5.333688110113143921e-02
-5.242481827735900879e-02
-1.017136313021183014e-02
-4.037116467952728271e-02
-6.921663135290145874e-02
-6.619598716497421265e-02
-1.062997877597808838e-01
-6.627954542636871338e-02
-1.239404454827308655e-01
-6.288877874612808228e-02
-1.452164649963378906e-01
-7.339391112327575684e-02
-8.785440772771835327e-02
-1.053663790225982666e-01
-8.745142817497253418e-02
-8.936735242605209351e-02
-5.691441893577575684e-02
-1.243624612689018250e-01
-8.885083347558975220e-02
-6.889095157384872437e-02
-1.332847028970718384e-01
-1.020260825753211975e-01
-9.381828829646110535e-03
-1.146212071180343628e-01
-3.283551335334777832e-02
-9.895909577608108521e-02
1.856374554336071014e-02
-1.098566353321075439e-01
-1.267756521701812744e-01
-5.566282663494348526e-03
-1.003714427351951599e-01
-1.210003718733787537e-01
-1.027202978730201721e-02
-4.390294849872589111e-02
-1.316369473934173584e-01
5.470199510455131531e-02
-8.106808364391326904e-02
-2.465425431728363037e-02
-1.146297082304954529e-01
-1.062146574258804321e-01
-2.756179682910442352e-02
-1.404461115598678589e-01
-1.151493284851312637e-02
-4.453323781490325928e-02
-7.124529778957366943e-02
-1.106244698166847229e-01
-1.109219416975975037e-01
-1.285441517829895020e-01
-9.854606539011001587e-02
-9.926687180995941162e-02
-7.897310703992843628e-02
-1.097971946001052856e-01
-6.637892127037048340e-02
-4.251447692513465881e-02
-1.577050685882568359e-01
-1.239657104015350342e-01
-1.096460670232772827e-01
-1.066135540604591370e-01
-9.855928272008895874e-02
-9.551244229078292847e-02
-1.148832812905311584e-01
-1.104423850774765015e-01
-1.158427447080612183e-01
-7.028370350599288940e-02
-6.984300911426544189e-02
-8.939509093761444092e-02
-9.094192832708358765e-02
-7.793985307216644287e-02
-4.024588689208030701e-02
-4.468945041298866272e-02
-6.923921406269073486e-02
-1.120654195547103882e-01
-2.713475748896598816e-02
-6.698092073202133179e-02
-1.917774975299835205e-02
-9.364767465740442276e-04
1.662592887878417969e-01
-1.136967539787292480e-01
-1.063865870237350464e-01
-5.421894043684005737e-02
-1.295081973075866699e-01
3.742937371134757996e-02
-1.264341324567794800e-01
1.409752964973449707e-01
-1.081868559122085571e-01
-6.660337001085281372e-02
-1.296187937259674072e-01
-1.102575436234474182e-01
-1.343200504779815674e-01
-9.435166418552398682e-02
-1.644451171159744263e-02
-1.230833232402801514e-01
3.462214767932891846e-02
-7.012554258108139038e-02
-9.120252914726734161e-03
-6.028201896697282791e-03
-8.167711645364761353e-02
-1.340582668781280518e-01
-7.459477335214614868e-02
-8.753521740436553955e-02
-9.135109931230545044e-02
-1.331615149974822998e-01
-8.237312734127044678e-02
-1.054971218109130859e-01
8.419413864612579346e-02
-5.416302382946014404e-02
3.432529419660568237e-02
-1.443274971097707748e-02
1.092556118965148926e-01
-1.643404811620712280e-01
1.704706577584147453e-03
-7.130152732133865356e-02
-5.290823802351951599e-02
-4.511023312807083130e-02
8.038131147623062134e-02
-1.064697951078414917e-01
-9.483174979686737061e-02
-4.714732244610786438e-02
-3.928434103727340698e-02
-9.511279314756393433e-02
-3.156848251819610596e-02
-8.938418328762054443e-02
-8.610000461339950562e-02
-7.647045701742172241e-02
-6.158887967467308044e-02
-1.257881075143814087e-01
-9.393715858459472656e-02
-7.580045610666275024e-02
-9.159277379512786865e-02
-8.609835058450698853e-02
-1.117189303040504456e-01
-1.055844724178314209e-01
-5.635180324316024780e-02
-7.066829502582550049e-02
-1.542900502681732178e-01
-1.115538030862808228e-01
-9.975714981555938721e-02
-1.206384301185607910e-01
-3.407862782478332520e-02
-1.177399009466171265e-01
-1.144651025533676147e-01
-5.035244673490524292e-02
-8.894412219524383545e-02
1.116364542394876480e-02
-7.118447124958038330e-02
-1.328680962324142456e-01
-3.025525808334350586e-02
-8.371082693338394165e-02
-1.214919090270996094e-01
-1.371628046035766602e-01
5.333506315946578979e-02
-9.442406892776489258e-02
-2.449442259967327118e-02
-8.680544793605804443e-02
-1.957374392077326775e-03
-1.343561112880706787e-01
-1.312859952449798584e-01
-9.249452501535415649e-02
-1.060836091637611389e-01
-8.735188096761703491e-02
5.219993740320205688e-02
-1.199155971407890320e-01
-1.353172510862350464e-01
-8.474134653806686401e-02
-1.453253626823425293e-01
-1.260339319705963135e-01
-1.025081649422645569e-01
-1.253734827041625977e-01
-1.137269586324691772e-01
-1.306387335062026978e-01
-8.655649423599243164e-02
-1.646147966384887695e-01
-1.237481832504272461e-01
-6.889563798904418945e-02
-9.503813832998275757e-02
-6.214902549982070923e-02
3.045766241848468781e-02
-1.077637821435928345e-01
-3.729690983891487122e-02
-2.389978617429733276e-02
-9.605118632316589355e-02
-1.101990565657615662e-01
-1.330446898937225342e-01
-9.010592103004455566e-02
-1.179866045713424683e-01
4.139500111341476440e-02
-1.095861420035362244e-01
-6.809103488922119141e-02
-4.485430568456649780e-02
-2.785047702491283417e-02
-8.265675604343414307e-02
2.160490304231643677e-02
-1.007963940501213074e-01
-4.609945788979530334e-02
-1.433157175779342651e-01
-9.338658303022384644e-02
-6.086916849017143250e-02
-1.106444150209426880e-01
-1.050003021955490112e-01
-1.408715993165969849e-01
-4.944795370101928711e-02
5.362593755125999451e-02
-4.610149562358856201e-02
-8.709724061191082001e-03
-9.843825548887252808e-02
-1.160780340433120728e-01
-8.851367980241775513e-02
-1.146552637219429016e-01
-4.000977054238319397e-02
-1.143439933657646179e-01
1.092659831047058105e-01
-6.330193579196929932e-02
-8.658730238676071167e-02
-1.247879415750503540e-01
-8.657686412334442139e-02
-7.820922881364822388e-02
-8.858785778284072876e-02
-5.998210608959197998e-02
-1.244747713208198547e-01
-1.362063884735107422e-01
-1.340794861316680908e-01
1.511682122945785522e-01
-1.169351786375045776e-01
-1.218597739934921265e-01
-1.121628135442733765e-01
-7.057400792837142944e-02
-2.986333332955837250e-02
-6.469912827014923096e-02
-1.203419119119644165e-01
-1.190663799643516541e-01
-6.117992475628852844e-02
-9.275978058576583862e-02
-6.537537276744842529e-02
-1.254158467054367065e-01
-7.444544136524200439e-02
-8.118657022714614868e-02
2.909462898969650269e-02
-5.264780670404434204e-02
-1.531973034143447876e-01
-1.241006031632423401e-01
-1.258937269449234009e-01
-1.040569543838500977e-01
-1.029976531863212585e-01
-2.686539851129055023e-02
-5.184702947735786438e-02
3.383139893412590027e-02
-4.600106924772262573e-02
-7.560043036937713623e-02
-1.075838729739189148e-01
-1.239178106188774109e-01
-9.810210764408111572e-02
-4.415475949645042419e-02
1.214002668857574463e-01
-1.412303894758224487e-01
-9.983881562948226929e-02
-1.233222633600234985e-01
-7.734537124633789062e-02
-1.180731505155563354e-01
-5.892530456185340881e-02
-8.301553130149841309e-02
-8.388608694076538086e-02
-1.299073696136474609e-01
6.904273759573698044e-03
-4.911531135439872742e-02
-1.415547132492065430e-01
-1.466894149780273438e-01
-1.301471143960952759e-01
-1.143478378653526306e-01
-5.380163341760635376e-02
-1.121971383690834045e-01
-1.348529905080795288e-01
-7.128299772739410400e-02
-9.988676756620407104e-02
1.454477757215499878e-01
-4.675403982400894165e-02
-1.028863117098808289e-01
-9.628771245479583740e-02
-1.309007555246353149e-01
-1.161438003182411194e-01
-1.782063208520412445e-02
-1.184462904930114746e-01
-6.101512117311358452e-04
-1.605483517050743103e-02
-8.725295215845108032e-02
-9.626651555299758911e-02
-1.090351268649101257e-01
-4.086229205131530762e-02
-3.535458073019981384e-02
-8.908803015947341919e-02
-5.102724209427833557e-02
-6.768123805522918701e-02
-1.534400284290313721e-01
-9.358864277601242065e-02
1.689946502447128296e-01
-1.529707908630371094e-01
-7.029628753662109375e-02
-8.777282387018203735e-02
-9.223268926143646240e-02
-2.000669017434120178e-02
-3.246489167213439941e-02
-1.502390503883361816e-01
-1.411512047052383423e-01
1.795607507228851318e-01
-1.224584504961967468e-01
-7.217264920473098755e-02
-1.013097986578941345e-01
-1.541034430265426636e-01
-7.854887098073959351e-02
-6.073928251862525940e-02
-1.034067943692207336e-01
-1.539130955934524536e-01
-1.243761777877807617e-01
-8.742539584636688232e-02
1.727915182709693909e-02
-1.223236396908760071e-01
-6.377533078193664551e-02
-1.358535047620534897e-02
-1.211933642625808716e-01
-1.186676099896430969e-01
-1.274039447307586670e-01
-1.101210713386535645e-01
1.670390367507934570e-02
-1.186377182602882385e-01
-1.101078614592552185e-01
-1.364881843328475952e-01
1.345966756343841553e-01
-8.250871300697326660e-02
-6.891104578971862793e-02
-6.319476664066314697e-02
-1.023569405078887939e-01
-6.815845519304275513e-02
1.765757240355014801e-02
-1.028006896376609802e-01
-1.133364215493202209e-01
2.762068761512637138e-03
-7.980065792798995972e-02
8.005489408969879150e-02
-9.896875172853469849e-02
-4.139466211199760437e-02
-3.979137167334556580e-02
-8.453619480133056641e-02
-5.574081093072891235e-02
-1.418718975037336349e-02
-1.336251795291900635e-01
-7.549812644720077515e-02
-1.692462130449712276e-03
-1.962179876863956451e-02
-2.114977128803730011e-02
-9.098088741302490234e-02
-1.452099233865737915e-01
-1.161216869950294495e-01
-6.191027350723743439e-03
-1.123891249299049377e-01
-1.124713346362113953e-01
-1.868870109319686890e-02
-3.753818571567535400e-02
-1.273282915353775024e-01
-6.151991710066795349e-02
-8.610565960407257080e-02
-7.186609506607055664e-02
-1.369139105081558228e-01
-2.599965035915374756e-02
2.531773969531059265e-02
-8.039942383766174316e-02
-8.003732562065124512e-02
-1.337941139936447144e-01
-1.120638176798820496e-01
-7.503424584865570068e-02
-1.267619878053665161e-01
-1.194002553820610046e-01
-8.885086327791213989e-02
-1.180087924003601074e-01
-2.436668844893574715e-03
-3.895425423979759216e-02
1.469167508184909821e-02
-1.358145624399185181e-01
-1.444581896066665649e-01
-1.299029588699340820e-01
-1.246740818023681641e-01
-4.978207498788833618e-02
-1.361294984817504883e-01
-9.403748065233230591e-02
-5.819336324930191040e-02
7.630736380815505981e-02
-8.884131163358688354e-02
-1.190565973520278931e-01
-7.734445482492446899e-02
-3.568824380636215210e-02
-1.612294763326644897e-01
-1.412453800439834595e-01
-7.428162544965744019e-02
-7.847476005554199219e-02
-7.808717340230941772e-02
-7.559148222208023071e-02
-9.018786251544952393e-02
-1.159639880061149597e-01
9.013962000608444214e-03
-8.107994496822357178e-02
-1.169455423951148987e-01
-1.324145048856735229e-01
4.390862211585044861e-02
-4.313172027468681335e-02
-9.523627161979675293e-02
-1.349804252386093140e-01
-7.494971156120300293e-02
-8.081518113613128662e-02
-1.014670506119728088e-01
-7.633335888385772705e-02
-8.667016029357910156e-02
-8.977209776639938354e-02
-6.922653317451477051e-02
-8.901775628328323364e-02
-8.320681005716323853e-02
-2.753378078341484070e-02
-1.063966602087020874e-01
-1.161699816584587097e-01
-8.429779112339019775e-02
-6.741622835397720337e-02
-1.133795678615570068e-01
-7.755041867494583130e-02
-1.452398765832185745e-02
-5.884466692805290222e-02
-1.146005690097808838e-01
-1.192696839570999146e-01
-1.132669374346733093e-01
-3.636192902922630310e-02
-9.079619497060775757e-02
4.654184915125370026e-03
-1.238678619265556335e-01
-8.951193839311599731e-02
-5.949021875858306885e-02
-8.585998439230024815e-04
-9.424468874931335449e-02
-1.338656842708587646e-01
1.472144015133380890e-02
-7.477799803018569946e-02
-1.246199682354927063e-01
-7.838073372840881348e-02
-9.847417473793029785e-02
-1.253417432308197021e-01
1.595991551876068115e-01
-5.975577980279922485e-02
-6.147489883005619049e-03
-8.895954489707946777e-02
-6.036263704299926758e-02
-9.334486722946166992e-02
-2.449356392025947571e-02
6.010593101382255554e-02
-1.151944622397422791e-01
-4.084299318492412567e-03
-3.513657674193382263e-02
-1.177333891391754150e-01
-9.866089373826980591e-02
-1.220683753490447998e-01
-5.137979984283447266e-02
-9.502889961004257202e-02
-7.206610590219497681e-02
-1.055692806839942932e-01
-1.264981180429458618e-01
-8.064352720975875854e-02
-4.595339298248291016e-02
-1.521406471729278564e-01
-9.176056832075119019e-02
-8.987023681402206421e-02
-2.273494005203247070e-02
-1.290667653083801270e-01
-1.162132769823074341e-01
-1.247126162052154541e-01
-8.789173513650894165e-02
-1.144714877009391785e-01
-9.122758358716964722e-02
-5.604575201869010925e-02
-6.585984677076339722e-02
8.833017200231552124e-03
-8.948912471532821655e-02
-1.026014089584350586e-01
-7.106237858533859253e-02
1.406623888760805130e-02
1.057053953409194946e-01
-4.745095968246459961e-02
-8.181747794151306152e-02
-1.276242136955261230e-01
-1.347696632146835327e-01
-9.092877805233001709e-02
-4.211921989917755127e-02
-1.330153793096542358e-01
-3.184097260236740112e-02
-1.275433152914047241e-01
-1.207863688468933105e-01
-7.620593160390853882e-02
-7.189110387116670609e-03
-2.630326151847839355e-02
9.482175111770629883e-02
-9.698159247636795044e-02
-1.167892292141914368e-01
-1.276271343231201172e-01
-9.773083031177520752e-02
-1.132344529032707214e-01
-1.140871644020080566e-01
1.137293726205825806e-01
6.223117932677268982e-02
6.887716799974441528e-02
-1.151570528745651245e-01
-1.114420890808105469e-01
-1.256673187017440796e-01
-3.705828264355659485e-02
-2.779883146286010742e-02
-1.260613650083541870e-01
-9.308107197284698486e-02
-9.995298087596893311e-02
-1.401034742593765259e-01
-1.472079306840896606e-01
-9.191183745861053467e-02
-1.160779967904090881e-02
-8.765791356563568115e-02
-3.434213995933532715e-02
-6.652350723743438721e-02
-1.136781424283981323e-01
-4.804500378668308258e-03
-1.270042210817337036e-01
-5.052804946899414062e-02
-1.167703047394752502e-01
-6.093307957053184509e-02
-1.016212403774261475e-01
-9.232002496719360352e-02
5.777899175882339478e-02
-4.312098026275634766e-02
-1.159459799528121948e-01
-1.960274577140808105e-02
-8.053063601255416870e-02
-5.534969642758369446e-02
-1.044808253645896912e-01
-1.396861523389816284e-01
-9.735079109668731689e-02
-1.002983152866363525e-01
-1.175625324249267578e-01
-2.400191500782966614e-02
-5.755360797047615051e-02
-1.134804263710975647e-01
-7.645083963871002197e-02
-8.799115568399429321e-02
-1.244228109717369080e-01
-1.242703124880790710e-01
-5.242991447448730469e-02
-9.718422591686248779e-02
-4.236698523163795471e-02
-4.746762290596961975e-02
-8.692701905965805054e-02
-1.419486701488494873e-01
-1.341052055358886719e-01
-8.968671411275863647e-02
-1.337031722068786621e-01
-7.330535352230072021e-02
-8.607429265975952148e-02
-1.051655858755111694e-01
-1.452073305845260620e-01
-8.393931388854980469e-02
7.491307705640792847e-02
-8.377727866172790527e-02
4.766901582479476929e-02
-6.398061662912368774e-02
-1.091619208455085754e-01
-1.157239899039268494e-01
-7.511945813894271851e-02
-1.088389307260513306e-01
-9.396938979625701904e-02
1.299210488796234131e-01
-9.705804288387298584e-02
-1.022399216890335083e-01
-1.216862350702285767e-01
1.222421415150165558e-02
-9.940104186534881592e-02
-1.138244345784187317e-01
-1.402184367179870605e-01
-5.938032642006874084e-02
-9.814731776714324951e-02
-1.357849985361099243e-01
-1.229621693491935730e-01
-5.456709861755371094e-02
-1.059133633971214294e-01
-1.211820840835571289e-01
-7.177119702100753784e-02
-6.685397028923034668e-02
-3.164979442954063416e-02
-9.752573817968368530e-02
-1.274813413619995117e-01
8.960016071796417236e-02
-9.764485061168670654e-03
-8.747455477714538574e-02
-7.049411535263061523e-02
-6.803594529628753662e-02
-1.024781093001365662e-01
-1.521005779504776001e-01
-1.283320635557174683e-01
-5.688892677426338196e-02
-5.916205048561096191e-02
-8.178885281085968018e-02
-5.319901183247566223e-02
-1.758865565061569214e-01
-1.501978784799575806e-01
-6.839918345212936401e-02
-4.177416861057281494e-02
-1.482041087001562119e-02
-8.967996388673782349e-02
-2.123638242483139038e-02
-1.092569753527641296e-01
-1.254814565181732178e-01
-1.104059889912605286e-01
-8.737336099147796631e-02
-6.712234765291213989e-02
-1.021930500864982605e-01
-8.550723642110824585e-02
-6.448303163051605225e-02
-9.249325096607208252e-02
-9.138205647468566895e-02
-1.088443771004676819e-01
-1.529254615306854248e-01
-3.360190242528915405e-02
-9.306716918945312500e-02
-1.174893751740455627e-01
-7.630290091037750244e-02
-8.400059491395950317e-02
-1.622281521558761597e-01
-1.112263649702072144e-01
-1.137284785509109497e-01
-1.824006065726280212e-02
-7.550086826086044312e-02
-4.136102274060249329e-02
-1.208229437470436096e-01
7.300420105457305908e-02
-6.507463753223419189e-02
-1.364993769675493240e-02
-1.081418842077255249e-01
-6.620009243488311768e-02
-9.871610999107360840e-02
-7.050506025552749634e-02
-1.642029732465744019e-01
-1.157465353608131409e-01
-1.331995427608489990e-01
-5.110765993595123291e-02
-2.805939875543117523e-03
-9.058494120836257935e-02
-1.531045418232679367e-02
-2.553973719477653503e-02
-8.370032161474227905e-02
-5.744248256087303162e-02
-1.183181777596473694e-01
-1.733341999351978302e-02
1.207861956208944321e-02
-5.449042469263076782e-02
-1.343041956424713135e-01
-9.575268626213073730e-02
-5.908811092376708984e-02
-5.530723556876182556e-02
-1.444272994995117188e-01
-1.418739855289459229e-01
-7.561022788286209106e-02
-8.741460740566253662e-03
1.281221657991409302e-01
-7.538522779941558838e-02
-1.324094831943511963e-01
-1.227136328816413879e-01
-1.020931005477905273e-01
-1.414373964071273804e-01
-8.463673293590545654e-02
3.024642914533615112e-02
-1.229105591773986816e-01
-5.698917806148529053e-02
-1.512337625026702881e-01
-1.381783485412597656e-01
-3.771405294537544250e-02
1.324561834335327148e-01
-9.302829951047897339e-02
-1.305538117885589600e-01
-1.217607259750366211e-01
-7.868087291717529297e-02
-7.263043522834777832e-02
-5.274366214871406555e-02
-1.027921140193939209e-01
3.558857366442680359e-02
-4.038796946406364441e-02
-5.372262373566627502e-02
-1.368950903415679932e-01
-6.824023276567459106e-02
-7.418535649776458740e-02
-6.105123087763786316e-02
-9.262513369321823120e-02
-1.205892562866210938e-01
-4.166745394468307495e-02
-9.440272301435470581e-02
2.353382855653762817e-02
-8.719928562641143799e-02
-3.050002083182334900e-02
-8.248408138751983643e-02
-1.281591504812240601e-01
-1.395701467990875244e-01
-1.029691919684410095e-01
-4.485030099749565125e-02
-1.004289165139198303e-01
-1.120009347796440125e-01
-8.393652737140655518e-02
-5.170568823814392090e-02
-1.365297287702560425e-01
-8.517065644264221191e-02
-2.696978487074375153e-02
-1.100049838423728943e-01
-2.164715155959129333e-02
-1.359459310770034790e-01
-1.126205101609230042e-01
-1.347248852252960205e-01
-5.009433627128601074e-02
-8.058796077966690063e-02
-1.255890727043151855e-01
-1.225839182734489441e-01
-1.361037790775299072e-01
4.740422964096069336e-02
-1.230131089687347412e-01
-1.325235515832901001e-01
-9.269023686647415161e-02
-7.380356639623641968e-02
-5.957255885004997253e-02
-9.986042231321334839e-02
-1.160421445965766907e-01
-1.000748425722122192e-01
-9.584464877843856812e-02
-9.720996022224426270e-02
-7.032220810651779175e-02
-1.227820292115211487e-01
-7.953747361898422241e-02
-6.359916925430297852e-02
-7.481625676155090332e-02
-5.937215685844421387e-02
-5.593081936240196228e-02
-1.578686833381652832e-01
-4.588477686047554016e-02
-7.918870449066162109e-02
-1.441767364740371704e-01
-6.134891882538795471e-02
-1.313301026821136475e-01
-4.416895657777786255e-02
-2.004918642342090607e-02
-7.641990482807159424e-02
-5.905715376138687134e-02
-1.355910897254943848e-01
-1.513631343841552734e-01
-1.347514241933822632e-01
-3.175907209515571594e-02
-1.396681815385818481e-01
-1.334884017705917358e-01
-9.662360697984695435e-02
-1.308469474315643311e-01
-9.069672226905822754e-02
-1.000961055979132652e-03
-1.041614264249801636e-01
-9.306710958480834961e-02
-4.796778038144111633e-02
1.728223860263824463e-01
-9.047061949968338013e-02
-1.001029089093208313e-01
-7.193678617477416992e-02
-8.138505369424819946e-02
-9.203848987817764282e-02
-1.049226522445678711e-01
-1.312782168388366699e-01
-5.204702541232109070e-02
-1.378051564097404480e-02
-3.243513405323028564e-02
-6.539150327444076538e-02
-7.485971599817276001e-02
-9.300186485052108765e-02
-1.214295104146003723e-01
-1.278395056724548340e-01
-1.112351119518280029e-01
-1.240586191415786743e-01
-5.498024448752403259e-02
-6.242250278592109680e-02
-1.364561915397644043e-02
-7.561928778886795044e-02
-4.195371642708778381e-02
8.711222559213638306e-03
-5.364622548222541809e-02
-6.450896710157394409e-02
-1.017484441399574280e-01
-2.309535443782806396e-02
-8.669020980596542358e-02
-1.700066030025482178e-02
-1.102656573057174683e-01
-9.573920816183090210e-02
-1.208962574601173401e-01
-9.531009197235107422e-02
-7.743290811777114868e-02
-1.038271039724349976e-01
-8.685294538736343384e-02
8.599115908145904541e-02
-9.821143001317977905e-02
-1.239701360464096069e-01
-3.931332007050514221e-02
-1.268625408411026001e-01
-7.146444916725158691e-02
-8.081869035959243774e-02
-5.221166089177131653e-02
-9.201056510210037231e-02
-7.384767383337020874e-02
-3.297488391399383545e-02
-1.015265211462974548e-01
-9.627111256122589111e-02
-4.248582199215888977e-02
-1.499923169612884521e-01
-8.663948625326156616e-02
-4.865465313196182251e-02
1.933529600501060486e-02
-9.737037122249603271e-02
-1.097558662295341492e-01
7.095916569232940674e-02
-1.211763098835945129e-01
-1.183212473988533020e-01
-9.351813048124313354e-02
-9.094314277172088623e-02
-1.455506235361099243e-01
-8.761935681104660034e-02
-2.368213981389999390e-02
-4.913353174924850464e-02
-1.033503115177154541e-01
-6.528457999229431152e-02
-9.424431622028350830e-02
-1.274617314338684082e-01
-6.015042215585708618e-02
-1.287933290004730225e-01
-4.848120361566543579e-02
1.276084221899509430e-02
7.487422320991754532e-03
-8.928167819976806641e-02
-1.069734990596771240e-01
-1.087243109941482544e-01
-1.422667354345321655e-01
-9.602950513362884521e-02
-1.240374147891998291e-01
4.213510081171989441e-02
-7.614005357027053833e-03
-6.512523442506790161e-02
-1.361083090305328369e-01
-1.173205822706222534e-01
-1.249876394867897034e-01
-2.154785394668579102e-02
-9.907665103673934937e-02
-8.246923238039016724e-02
-1.121834442019462585e-01
-4.132362827658653259e-02
-7.847664505243301392e-02
-7.505814731121063232e-02
-9.626864641904830933e-02
-4.693820700049400330e-02
-6.669919192790985107e-02
-1.313018649816513062e-01
-1.147884279489517212e-01
-9.988999366760253906e-02
-7.383082807064056396e-02
8.651829510927200317e-02
-9.940470755100250244e-02
-6.754051893949508667e-02
-4.317001998424530029e-02
-1.297279000282287598e-01
-6.503593921661376953e-02
-1.062557920813560486e-01
1.081132981926202774e-02
-1.304660886526107788e-01
-9.217152744531631470e-02
-1.059220209717750549e-01
-9.341376274824142456e-02
-2.950005466118454933e-03
-1.567006856203079224e-01
-8.214946836233139038e-02
-1.408618241548538208e-01
-1.287996470928192139e-01
-8.776086568832397461e-02
4.055147059261798859e-03
-1.460053920745849609e-01
-1.276018768548965454e-01
-1.429413259029388428e-01
9.496406465768814087e-02
1.411178614944219589e-02
-1.171827763319015503e-01
-7.059545069932937622e-02
-1.237466186285018921e-01
-8.970391750335693359e-02
-3.321047127246856689e-02
-8.750513941049575806e-02
-6.992392241954803467e-02
6.658685952425003052e-02
-5.325484089553356171e-03
-1.919594220817089081e-02
-1.725627109408378601e-02
-1.369275748729705811e-01
-1.356143653392791748e-01
-7.300611585378646851e-02
-8.827742189168930054e-02
-9.347285330295562744e-02
-7.963899523019790649e-02
-1.139255687594413757e-01
-1.172392889857292175e-01
-9.857843816280364990e-02
-3.260718658566474915e-03
-1.181557625532150269e-01
-1.985814049839973450e-02
-9.045877307653427124e-02
-1.321715712547302246e-01
-1.304939091205596924e-01
-1.847264473326504230e-03
-1.080839261412620544e-01
-7.413272559642791748e-02
-7.950241118669509888e-02
8.419069647789001465e-02
-8.722723275423049927e-02
-1.153712049126625061e-01
-1.338544040918350220e-01
-1.204547360539436340e-01
-1.269854158163070679e-01
2.443937212228775024e-02
-4.432133957743644714e-02
1.319863498210906982e-01
-1.513122618198394775e-01
-1.836402341723442078e-02
-1.434808075428009033e-01
1.337654292583465576e-01
-8.374460786581039429e-02
-1.288034319877624512e-01
-6.994855403900146484e-02
-8.910838514566421509e-02
-3.707107901573181152e-02
-1.640394032001495361e-01
-1.122783124446868896e-01
-9.190455079078674316e-02
5.357214435935020447e-02
-1.110545173287391663e-01
-1.150357723236083984e-01
-1.128689721226692200e-01
-8.437264710664749146e-02
-6.963232066482305527e-03
1.468348652124404907e-01
-5.744059383869171143e-02
-9.559159725904464722e-02
-9.985845535993576050e-02
-6.037787348031997681e-02
-2.510267682373523712e-02
-1.029243990778923035e-01
-8.240066468715667725e-02
-1.262701749801635742e-01
-1.340891718864440918e-01
-1.073437780141830444e-01
-1.213063076138496399e-01
-7.134101539850234985e-02
-6.043345853686332703e-02
-2.362570166587829590e-02
-9.779229015111923218e-02
-1.273181587457656860e-01
-1.132302880287170410e-01
-9.245811402797698975e-02
-1.217715069651603699e-01
-1.302300095558166504e-01
-1.444306820631027222e-01
1.058359369635581970e-01
-1.492719352245330811e-02
-1.186460778117179871e-01
-7.904424518346786499e-02
-1.220976039767265320e-01
-5.815185979008674622e-02
-1.055904924869537354e-01
-9.721428155899047852e-02
4.526183009147644043e-02
-8.203934878110885620e-02
-1.210300251841545105e-01
-1.108018010854721069e-01
-8.390294760465621948e-02
-1.241422891616821289e-01
-1.180302128195762634e-01
-1.047050207853317261e-01
-3.292960301041603088e-02
-4.409254342317581177e-02
-1.171350777149200439e-01
-8.719244599342346191e-02
-1.451759934425354004e-01
-4.827907774597406387e-03
-5.801287665963172913e-02
-7.423266768455505371e-02
-1.218321993947029114e-01
1.075278073549270630e-01
-1.194019690155982971e-01
-3.626824915409088135e-02
-6.374552100896835327e-02
-1.062991470098495483e-01
-1.016729101538658142e-01
1.186655983328819275e-01
-1.201021969318389893e-01
3.658805787563323975e-02
-9.723953902721405029e-02
-4.972992464900016785e-02
-8.819464594125747681e-02
-5.947387218475341797e-02
-6.406708806753158569e-02
-4.699101671576499939e-02
-5.962542071938514709e-02
-1.072436496615409851e-01
-1.204105615615844727e-01
4.071653820574283600e-03
9.984081238508224487e-02
-1.526184231042861938e-01
-1.278797537088394165e-01
-1.063041239976882935e-01
-1.410598158836364746e-01
-1.389069855213165283e-01
-1.204366460442543030e-01
-1.265228688716888428e-01
-9.266348183155059814e-02
-7.308845221996307373e-02
-6.786055862903594971e-02
-6.149059906601905823e-02
-1.323302388191223145e-01
-6.520250439643859863e-02
9.224756062030792236e-02
-1.004911214113235474e-01
-1.155260577797889709e-01
-8.829166740179061890e-02
-7.426034659147262573e-02
-5.909725651144981384e-02
-6.027677655220031738e-02
1.157351583242416382e-01
-1.151987314224243164e-01
3.327695652842521667e-02
-7.083982974290847778e-02
-1.180324405431747437e-01
-7.749503850936889648e-02
-8.296132087707519531e-02
-8.375852555036544800e-02
-7.919805496931076050e-02
-5.926890298724174500e-02
-1.218584254384040833e-01
-7.453221082687377930e-02
-1.111183241009712219e-01
-1.197790876030921936e-01
-5.866420641541481018e-02
-1.003806367516517639e-01
-4.719514027237892151e-02
-8.823999762535095215e-02
-1.150406450033187866e-01
-1.038961857557296753e-01
-7.358060777187347412e-02
-2.416571835055947304e-03
-4.803654924035072327e-02
7.360024377703666687e-03
-1.453243345022201538e-01
-1.452724635601043701e-01
-1.284846812486648560e-01
1.140836346894502640e-02
1.637591123580932617e-01
2.392700873315334320e-02
-9.773264080286026001e-02
-9.672623127698898315e-02
-8.659401535987854004e-02
8.069659024477005005e-02
-2.703552134335041046e-02
-1.288108229637145996e-01
-6.269090622663497925e-02
-5.041058734059333801e-02
-3.830728679895401001e-02
-6.611937284469604492e-02
-8.825470507144927979e-02
-1.008059978485107422e-01
-5.185799300670623779e-02
-1.381452530622482300e-01
-5.244488269090652466e-02
8.355883508920669556e-02
-7.561947405338287354e-02
-1.090185046195983887e-01
-1.066891178488731384e-01
-9.477509558200836182e-02
-1.099373921751976013e-01
-1.398861557245254517e-01
-1.207936778664588928e-01
-1.284524351358413696e-01
4.526005312800407410e-02
-1.477976292371749878e-01
-1.385632008314132690e-01
-9.210707247257232666e-02
-1.210768893361091614e-01
-1.004259660840034485e-01
-1.070775166153907776e-01
-1.294941157102584839e-01
9.272560477256774902e-02
-1.101304143667221069e-01
-5.569264665246009827e-02
-1.360872853547334671e-02
-1.564634144306182861e-01
-3.513558954000473022e-02
-7.615059614181518555e-03
-1.115038990974426270e-01
-4.453126713633537292e-02
-8.612690120935440063e-02
-1.194760277867317200e-01
-3.698953986167907715e-02
-6.012085080146789551e-02
3.314804285764694214e-02
-1.346716582775115967e-01
-1.079588681459426880e-01
6.752948462963104248e-02
-1.375180929899215698e-01
-6.819482147693634033e-02
-1.258135885000228882e-01
-6.929390132427215576e-02
7.023226469755172729e-03
-5.174933001399040222e-02
-1.084347739815711975e-01
-4.983229190111160278e-02
-6.579753011465072632e-02
-1.248060241341590881e-01
-3.218692913651466370e-02
-1.217875406146049500e-01
6.588952988386154175e-02
-1.112774088978767395e-01
-1.236498132348060608e-01
-6.108425930142402649e-02
-2.592387050390243530e-02
-3.886172920465469360e-02
-7.671468704938888550e-02
-7.225833088159561157e-02
-9.675294160842895508e-02
-1.106098294258117676e-01
-1.013452634215354919e-01
-1.861022040247917175e-02
-6.746463477611541748e-03
-2.334290929138660431e-02
-8.134069852530956268e-03
-8.761861920356750488e-02
-3.126110136508941650e-02
-1.213744208216667175e-01
-2.333867177367210388e-02
7.518271915614604950e-03
-1.386901587247848511e-01
-8.933888375759124756e-02
-8.841761946678161621e-02
-9.923171997070312500e-02
-6.866257637739181519e-02
-9.255781024694442749e-02
-1.183548644185066223e-01
-1.218938827514648438e-01
-9.386409074068069458e-02
-1.092876419425010681e-01
-7.333208620548248291e-02
-1.428688913583755493e-01
-7.320191711187362671e-02
-9.343466907739639282e-02
-8.979544788599014282e-02
-8.562060445547103882e-02
-1.210167780518531799e-01
-5.972395464777946472e-02
-1.199278160929679871e-01
-1.140569448471069336e-01
-8.684153854846954346e-02
-1.593406312167644501e-02
-6.237182766199111938e-02
1.785520650446414948e-02
-1.112795770168304443e-01
-1.269410848617553711e-01
-2.785641513764858246e-02
-1.270097796805202961e-03
-1.262259036302566528e-01
3.007340803742408752e-02
-7.345078140497207642e-02
-3.132366016507148743e-02
-8.014815300703048706e-02
-1.283148676156997681e-01
-4.991449043154716492e-02
-9.270181506872177124e-02
-1.277623325586318970e-01
-1.025710254907608032e-01
-5.769515037536621094e-02
-3.530134633183479309e-02
-8.755257725715637207e-02
8.671812713146209717e-02
-1.189687475562095642e-01
-1.244559437036514282e-01
-4.956113919615745544e-02
-4.276001453399658203e-02
-1.781477481126785278e-01
2.378299459815025330e-02
-8.393123745918273926e-02
-1.358994245529174805e-01
-3.673369809985160828e-02
-1.153829246759414673e-01
-1.452610194683074951e-01
-5.479684099555015564e-02
-9.316587448120117188e-02
-1.244688257575035095e-01
-5.072324350476264954e-02
6.729900836944580078e-02
-1.358171552419662476e-01
-1.196948736906051636e-01
-9.067650884389877319e-02
-1.318914163857698441e-02
-5.892717838287353516e-02
-2.894547954201698303e-02
-5.729286745190620422e-02
-8.820179104804992676e-02
-1.025777608156204224e-01
-1.220362409949302673e-01
-1.319947689771652222e-01
-6.006160378456115723e-02
-7.900903373956680298e-02
-1.357572376728057861e-01
-7.132232189178466797e-02
-1.349255144596099854e-01
-1.363802850246429443e-01
-7.033458352088928223e-02
-6.288354098796844482e-02
-1.052095964550971985e-01
-6.204430386424064636e-02
-1.064107101410627365e-02
-1.211926117539405823e-01
-7.683949917554855347e-02
-1.127309948205947876e-01
-1.397698521614074707e-01
-1.307340115308761597e-01
-6.850292533636093140e-02
-6.458555161952972412e-02
-1.079345047473907471e-01
9.730949997901916504e-03
-1.190599706023931503e-02
-6.210450455546379089e-02
-1.213345006108283997e-01
-9.500849246978759766e-02
-7.081039994955062866e-02
-7.224154472351074219e-02
-1.168024167418479919e-01
-7.236756384372711182e-02
-1.310987621545791626e-01
-1.342688500881195068e-01
-2.430121600627899170e-02
-9.540785104036331177e-02
-3.828878328204154968e-02
-8.172871917486190796e-02
4.962732084095478058e-03
-1.167818009853363037e-01
-1.200956627726554871e-01
-6.727171689271926880e-02
-6.293437909334897995e-04
-2.627712301909923553e-02
-1.164781749248504639e-01
-1.554711908102035522e-01
-9.510365128517150879e-02
-5.854257941246032715e-02
-1.027929186820983887e-01
-1.361398845911026001e-01
-4.646831378340721130e-02
-1.167921945452690125e-01
-9.525094926357269287e-02
5.434165149927139282e-02
-7.826662808656692505e-02
-5.767725780606269836e-02
-1.219674497842788696e-01
-5.461375415325164795e-02
-4.133978858590126038e-02
-1.056883633136749268e-01
-5.153657123446464539e-02
-8.000605553388595581e-02
-3.287683054804801941e-02
-3.736365586519241333e-02
-1.371729373931884766e-01
-1.066657155752182007e-01
-1.242604032158851624e-01
-1.154776141047477722e-01
-7.428548485040664673e-02
-5.657588317990303040e-02
-9.848175942897796631e-02
-4.645960032939910889e-02
-1.113737523555755615e-01
-1.341228634119033813e-01
-3.637219965457916260e-02
-1.054637506604194641e-01
-9.761062264442443848e-02
-1.240214556455612183e-01
-1.326297819614410400e-01
-4.822710528969764709e-02
-5.782497674226760864e-02
-1.220837682485580444e-01
-1.155296117067337036e-01
-9.387046098709106445e-02
3.748236631508916616e-04
-1.109675392508506775e-01
-1.250689327716827393e-01
4.155479371547698975e-02
-3.712950646877288818e-02
-7.477907091379165649e-02
-1.131145507097244263e-01
-9.263525158166885376e-02
-1.150404363870620728e-01
-9.704566746950149536e-02
-8.376382291316986084e-02
-2.474079281091690063e-02
-1.254574060440063477e-01
-1.141243875026702881e-01
-6.635863333940505981e-02
-8.566138893365859985e-02
-1.215245127677917480e-01
-1.220926120877265930e-01
-1.043072268366813660e-01
-1.236369237303733826e-01
-1.218422129750251770e-01
1.889672130346298218e-02
-1.231496781110763550e-01
-6.072885543107986450e-02
1.621064841747283936e-01
-1.488882452249526978e-01
-6.856059283018112183e-02
-1.075015217065811157e-01
4.891824349761009216e-02
-1.224733442068099976e-01
-2.106935158371925354e-02
-7.324825972318649292e-02
-7.103975862264633179e-02
-1.568464487791061401e-01
-1.423752605915069580e-01
-2.610262483358383179e-02
-1.195520684123039246e-01
-8.222635090351104736e-02
-9.545387327671051025e-02
-1.155496984720230103e-01
-9.191733598709106445e-02
1.486029922962188721e-01
-1.294455677270889282e-01
-1.193246915936470032e-01
-1.213385760784149170e-01
-7.670842856168746948e-02
-8.786643296480178833e-02
-1.027786284685134888e-01
-1.232444420456886292e-01
-1.228206232190132141e-01
-1.243080198764801025e-01
-9.879280626773834229e-02
-5.778165161609649658e-02
-8.844543248414993286e-02
-1.089299395680427551e-01
-1.035018414258956909e-01
-1.144755538552999496e-02
-4.259885475039482117e-02
-1.099469587206840515e-01
-1.141976192593574524e-01
-8.735663443803787231e-02
-1.642317473888397217e-01
-9.071212261915206909e-02
-9.214626997709274292e-02
1.665299385786056519e-02
-7.785109430551528931e-02
-9.821370244026184082e-02
-1.035335510969161987e-01
-8.311045914888381958e-02
-1.112605258822441101e-01
-1.442751288414001465e-01
-1.120147407054901123e-01
-1.306468695402145386e-01
-1.077040284872055054e-01
-1.500583589076995850e-01
-5.247884243726730347e-02
-3.812228143215179443e-02
-1.170977801084518433e-01
-9.890016913414001465e-02
-6.973806023597717285e-02
-1.093615032732486725e-02
-7.944543659687042236e-02
-9.700016677379608154e-02
-1.168678775429725647e-01
-5.575758591294288635e-02
-1.302885711193084717e-01
6.852195411920547485e-02
-1.479943245649337769e-01
-1.094952076673507690e-01
-1.127037331461906433e-01
-1.044960543513298035e-01
-5.335954204201698303e-02
-6.198352947831153870e-02
-9.598807245492935181e-02
-8.193438500165939331e-02
-1.316763460636138916e-01
-9.699168056249618530e-02
1.095392033457756042e-01
-6.926031410694122314e-02
-3.383152559399604797e-02
-1.379727572202682495e-01
-7.944277673959732056e-02
-7.019981741905212402e-02
-1.414535790681838989e-01
-5.835947021842002869e-02
-7.041396200656890869e-02
-1.415411829948425293e-01
-9.824299067258834839e-02
-9.328880161046981812e-02
-9.952494502067565918e-02
-9.409061819314956665e-02
-7.113628834486007690e-02
-3.958010673522949219e-02
-2.386819571256637573e-02
-3.203861787915229797e-02
5.119631066918373108e-02
-1.099069267511367798e-01
-5.613880604505538940e-02
-1.258427649736404419e-01
-1.285111308097839355e-01
-3.207049146294593811e-02
-1.206891387701034546e-01
-1.255077421665191650e-01
-4.472358152270317078e-02
-1.133307516574859619e-01
-1.085863187909126282e-01
-4.596241191029548645e-02
-5.022746510803699493e-03
-7.475873082876205444e-02
1.179644241929054260e-01
-7.911961525678634644e-02
-9.795574098825454712e-02
-6.058653816580772400e-02
-1.040328443050384521e-01
-5.778649821877479553e-02
-5.651948973536491394e-02
-7.221747189760208130e-02
-7.347272336483001709e-02
-6.078695505857467651e-02
-1.346324477344751358e-02
-7.767028361558914185e-02
9.591251611709594727e-02
1.150407791137695312e-01
-1.201683729887008667e-01
-1.636338680982589722e-01
-1.362996846437454224e-01
-1.683649420738220215e-01
-1.318954229354858398e-01
-9.153277426958084106e-02
-8.961924165487289429e-02
-1.149667724967002869e-01
-1.212282180786132812e-01
-9.352919459342956543e-02
-6.155692413449287415e-02
-9.175787121057510376e-02
-1.098278090357780457e-01
-1.279601454734802246e-01
-1.472546309232711792e-01
-1.122456341981887817e-01
-1.415407508611679077e-01
-1.238505989313125610e-01
-7.093340158462524414e-02
-1.296664923429489136e-01
-1.327205300331115723e-01
-9.325329214334487915e-02
-1.110598072409629822e-01
-1.114917993545532227e-01
-8.124016225337982178e-02
-1.346250623464584351e-01
-1.301949322223663330e-01
-7.151882350444793701e-02
-5.911488831043243408e-02
-5.406289547681808472e-02
-7.227590680122375488e-02
-5.634461343288421631e-02
-1.159756481647491455e-01
-2.576841972768306732e-02
-6.081952154636383057e-02
-1.321566551923751831e-01
-3.542824089527130127e-02
-8.783602714538574219e-02
-1.363260000944137573e-01
-5.098385363817214966e-02
-8.911044895648956299e-02
-8.939029276371002197e-02
-1.542038023471832275e-01
-9.148821234703063965e-02
-1.469268202781677246e-01
-7.265859842300415039e-02
-1.155731976032257080e-01
-4.695402830839157104e-02
-1.338308453559875488e-01
-1.280010789632797241e-01
-1.494543999433517456e-01
-6.498529016971588135e-02
-7.942961901426315308e-02
-1.011188030242919922e-01
-9.596934914588928223e-02
-1.049611940979957581e-01
-6.121582537889480591e-02
1.690383814275264740e-02
-4.472933337092399597e-02
2.698672376573085785e-02
-9.782826900482177734e-02
-8.380528539419174194e-02
-1.114063188433647156e-01
-1.409520208835601807e-01
-1.448980569839477539e-01
-8.385661058127880096e-03
-1.032340899109840393e-01
3.578434512019157410e-02
-1.131185516715049744e-01
-8.690694719552993774e-02
-1.331169009208679199e-01
-7.969152927398681641e-02
-1.895406097173690796e-02
-1.273850500583648682e-01
1.925133541226387024e-02
-1.264159083366394043e-01
-1.205286532640457153e-01
-1.268673241138458252e-01
-8.514130115509033203e-02
-7.740935683250427246e-02
-4.660259187221527100e-02
-1.344422698020935059e-01
-1.067780330777168274e-01
-1.062590852379798889e-01
2.761920914053916931e-02
-9.834130853414535522e-02
-1.085101440548896790e-01
-1.207330003380775452e-01
-1.014852430671453476e-02
-1.054071262478828430e-02
8.135518059134483337e-03
-1.052667722105979919e-01
-1.187913939356803894e-01
-7.379039376974105835e-02
-1.163930371403694153e-01
-9.312087297439575195e-02
-2.784691937267780304e-02
-1.812630444765090942e-01
-1.194474995136260986e-01
-5.626437067985534668e-02
-8.887467533349990845e-02
-6.449302285909652710e-02
-1.138659119606018066e-01
-4.594931378960609436e-02
-1.029722392559051514e-01
-1.621278189122676849e-02
-1.191537603735923767e-01
-6.304273754358291626e-02
-1.308257728815078735e-01
-9.486834704875946045e-02
-8.160679787397384644e-02
8.704929798841476440e-02
-9.542103856801986694e-02
-6.928038597106933594e-02
-1.634351462125778198e-01
-6.425138562917709351e-02
-7.990603893995285034e-02
1.312315613031387329e-01
-3.256079927086830139e-02
-1.144818663597106934e-01
-1.055213287472724915e-01
-1.195755749940872192e-01
-9.043650329113006592e-02
-1.015771999955177307e-01
-9.581407159566879272e-02
-1.190151199698448181e-01
6.518135219812393188e-02
-1.112222522497177124e-01
-1.362106502056121826e-01
-1.172572821378707886e-01
-5.219050869345664978e-02
-8.261235058307647705e-02
-4.948054999113082886e-02
-5.149085819721221924e-02
-4.605433344841003418e-02
-1.163724437355995178e-01
-4.502823576331138611e-03
-8.106588572263717651e-02
-1.164852455258369446e-01
-1.087545081973075867e-01
-1.011824309825897217e-01
-5.743443593382835388e-02
-9.160498529672622681e-02
8.492577821016311646e-02
-5.997738242149353027e-02
-1.169854179024696350e-01
-6.288655847311019897e-02
-1.049247980117797852e-01
-1.192349642515182495e-01
-5.173367634415626526e-02
-1.213006228208541870e-01
-8.343609422445297241e-02
-7.317073643207550049e-02
2.972419746220111847e-02
1.757071316242218018e-01
-1.390019804239273071e-01
-1.172685474157333374e-01
-7.334226369857788086e-02
-1.366950850933790207e-02
-9.029696881771087646e-02
-1.279751658439636230e-01
-9.286446869373321533e-02
3.662759438157081604e-03
-1.717482320964336395e-02
-9.947537630796432495e-02
4.414155706763267517e-02
-7.027878612279891968e-02
-6.389319151639938354e-02
-5.102144926786422729e-02
-4.997302591800689697e-02
-8.739960193634033203e-02
-5.112592875957489014e-02
-1.219523325562477112e-01
-1.216906234622001648e-01
-9.594260156154632568e-02
-1.420862227678298950e-01
-5.559761822223663330e-02
-1.031914800405502319e-01
-3.289040550589561462e-02
-1.272753775119781494e-01
-1.192533895373344421e-01
-1.286186724901199341e-01
-1.226499751210212708e-01
-7.858497649431228638e-02
-4.569909721612930298e-02
-9.886861592531204224e-02
-9.958338737487792969e-02
-9.395141154527664185e-02
-9.860792011022567749e-02
-9.063046425580978394e-02
-1.057867184281349182e-01
-1.010337322950363159e-01
-1.193403229117393494e-01
-1.297986879944801331e-02
-6.673290580511093140e-02
-8.531560003757476807e-02
-5.665835365653038025e-02
-8.769161254167556763e-02
-9.663563966751098633e-02
-1.044721901416778564e-01
-1.425986737012863159e-01
-9.555367380380630493e-02
-1.249412596225738525e-01
-9.226149879395961761e-03
-8.443735539913177490e-02
-1.102021634578704834e-01
-1.262963414192199707e-01
-8.726719766855239868e-02
-7.502299547195434570e-02
-7.139715552330017090e-02
-1.222987100481987000e-01
1.980900391936302185e-02
-1.272933483123779297e-01
-4.522665962576866150e-02
-1.271463036537170410e-01
-4.670027270913124084e-02
-4.605378210544586182e-02
-3.971115499734878540e-02
-9.470996260643005371e-02
-7.061862945556640625e-02
-8.599489927291870117e-02
-7.429444044828414917e-02
-9.149438142776489258e-02
-1.290854215621948242e-01
4.825758188962936401e-02
-5.377286300063133240e-02
-6.540519744157791138e-02
-9.139627218246459961e-02
-1.194708943367004395e-01
-3.452827781438827515e-02
-8.383783698081970215e-02
-1.154459938406944275e-01
3.744634613394737244e-02
-2.403943240642547607e-02
-9.519922733306884766e-02
-6.691011786460876465e-02
-1.109632253646850586e-01
-1.031944155693054199e-01
-8.435630798339843750e-02
-1.073883920907974243e-01
-1.257899701595306396e-01
-2.931849472224712372e-02
-1.469058245420455933e-01
-1.396266669034957886e-01
-3.286187723278999329e-02
-2.624564059078693390e-02
-1.273626238107681274e-01
-7.256062328815460205e-02
-1.174164116382598877e-01
-1.123790144920349121e-01
-2.159820497035980225e-02
-1.014929190278053284e-01
-4.686720669269561768e-02
-1.203323602676391602e-01
-8.167120814323425293e-02
-8.019009977579116821e-02
1.012256927788257599e-02
-7.552795112133026123e-02
-6.987791508436203003e-02
-1.219257935881614685e-01
-1.395066175609827042e-02
-6.914697587490081787e-02
-1.143195033073425293e-01
-8.873733133077621460e-02
-5.541994422674179077e-02
-1.024316400289535522e-01
-2.324501238763332367e-02
-1.014718264341354370e-01
-9.943738579750061035e-02
-5.130066722631454468e-02
-8.980213850736618042e-02
-1.329446434974670410e-01
-8.552885800600051880e-02
3.094975277781486511e-02
-6.791178137063980103e-02
-4.039276763796806335e-02
-8.995130658149719238e-02
5.142312031239271164e-03
-1.323347836732864380e-01
-3.854880109429359436e-02
-3.728596121072769165e-02
-2.565053664147853851e-02
-1.056633591651916504e-01
-9.533011168241500854e-02
-7.892113178968429565e-02
-1.250215619802474976e-01
-7.029749453067779541e-02
-1.042498350143432617e-01
-8.481064438819885254e-02
-1.148039326071739197e-01
-1.255472153425216675e-01
-7.517170161008834839e-02
-1.244967877864837646e-01
-4.379899799823760986e-02
-5.494158342480659485e-02
-4.528360813856124878e-02
-9.574895352125167847e-02
-1.006003543734550476e-01
-7.574348151683807373e-02
5.686463788151741028e-03
-9.610966593027114868e-02
-1.291797012090682983e-01
-5.915665999054908752e-02
-1.550995409488677979e-01
-1.385774277150630951e-02
-5.034314095973968506e-02
-7.995527982711791992e-02
-1.192475184798240662e-01
-8.215687423944473267e-02
-1.061130911111831665e-01
-4.857727885246276855e-02
-1.156172826886177063e-01
4.394647199660539627e-03
-7.489065080881118774e-02
-1.251306980848312378e-01
-7.348128408193588257e-02
-7.572618126869201660e-02
-8.909723907709121704e-02
-7.847399264574050903e-02
-1.331310272216796875e-01
-2.734261006116867065e-02
-1.077338084578514099e-01
-7.151763141155242920e-02
-3.284013271331787109e-02
1.100047603249549866e-01
-7.167733460664749146e-02
-1.464612334966659546e-01
-4.949144646525382996e-02
-1.078340336680412292e-01
-1.232432574033737183e-01
-1.340320706367492676e-01
5.638464540243148804e-02
-9.596057236194610596e-02
1.774402521550655365e-02
-1.257622539997100830e-01
-6.088339909911155701e-02
-1.881696656346321106e-02
-1.103130653500556946e-01
-1.213129907846450806e-01
-1.104004904627799988e-01
-3.702986612915992737e-02
-1.501935571432113647e-01
-1.030400320887565613e-01
-1.452921479940414429e-01
-6.155321747064590454e-02
7.214394398033618927e-03
-5.031054094433784485e-02
-8.215200155973434448e-02
-1.244382783770561218e-01
-1.259213984012603760e-01
-2.742841467261314392e-02
-1.060011014342308044e-01
-3.684482350945472717e-02
-6.067408248782157898e-02
-7.906369119882583618e-02
-8.164341002702713013e-02
-1.215618103742599487e-01
-9.828272461891174316e-02
-6.831052899360656738e-02
-1.133310273289680481e-01
-1.313567161560058594e-01
-1.097563281655311584e-01
-8.068673312664031982e-02
-7.364024221897125244e-02
-1.224411129951477051e-01
1.567741781473159790e-01
-1.117796674370765686e-01
-8.833851665258407593e-02
-1.301899254322052002e-01
2.103908807039260864e-01
-5.921832844614982605e-02
-1.109394952654838562e-01
-6.756713241338729858e-02
-8.827597647905349731e-02
2.008063495159149170e-01
-1.055974066257476807e-01
-1.290853768587112427e-01
-1.308149695396423340e-01
-1.405633836984634399e-01
-9.214431047439575195e-02
-7.953748106956481934e-02
-6.806552410125732422e-02
-1.043133735656738281e-01
-8.380677551031112671e-02
-6.228195503354072571e-02
-1.096453219652175903e-01
-1.236911937594413757e-01
-1.184765249490737915e-01
-1.590607464313507080e-01
-1.019147038459777832e-01
-5.450731515884399414e-02
-1.122492030262947083e-01
-1.220364421606063843e-01
-5.979021266102790833e-02
-1.575659215450286865e-01
-5.648865923285484314e-02
-1.463509798049926758e-01
-1.274493634700775146e-01
-9.870276600122451782e-02
-1.484984159469604492e-01
-1.048711836338043213e-01
-7.227018475532531738e-02
-1.334033161401748657e-01
-9.247580915689468384e-02
-5.619435384869575500e-02
-8.788166940212249756e-02
-1.247955635190010071e-01
-1.294545382261276245e-01
-9.761723875999450684e-02
-1.359287500381469727e-01
-9.043790400028228760e-02
-1.116738766431808472e-01
-1.300099641084671021e-01
-1.299735307693481445e-01
-8.726450800895690918e-02
-3.076608106493949890e-02
-8.026929199695587158e-02
-8.459138125181198120e-02
-1.203739196062088013e-01
-1.319431364536285400e-01
-1.389766782522201538e-01
-8.136150985956192017e-02
-8.491630852222442627e-02
-3.717571124434471130e-02
-1.364204436540603638e-01
-8.737725019454956055e-02
-1.200077533721923828e-01
-1.460638642311096191e-01
-1.231242567300796509e-01
-1.328671723604202271e-01
-7.646595686674118042e-02
-9.333521127700805664e-02
-1.208301857113838196e-01
-1.642937362194061279e-01
-9.553501754999160767e-02
1.578947752714157104e-01
-1.414289921522140503e-01
-9.163556247949600220e-02
-1.050842329859733582e-01
-6.899734586477279663e-02
