3.655902445316314697e-01
2.332818955183029175e-01
1.915739290416240692e-02
1.794595457613468170e-02
-2.639838494360446930e-02
6.025607883930206299e-02
2.664215266704559326e-01
1.381547003984451294e-01
1.262668967247009277e-01
2.457987703382968903e-02
8.722709864377975464e-02
4.398835450410842896e-02
1.786480545997619629e-01
-5.782311782240867615e-02
2.276567965745925903e-01
4.286645054817199707e-01
2.908708155155181885e-01
9.634058922529220581e-02
1.039039120078086853e-01
3.900787532329559326e-01
8.499219268560409546e-02
2.786760590970516205e-02
7.346028834581375122e-02
3.578661978244781494e-01
2.251039892435073853e-01
3.030125238001346588e-02
3.577912151813507080e-01
3.571201348677277565e-03
2.681548893451690674e-01
2.474369555711746216e-01
2.443204373121261597e-01
-3.547134995460510254e-02
1.258367002010345459e-01
1.330051869153976440e-01
3.080661408603191376e-02
1.083951815962791443e-01
3.399176597595214844e-01
3.002360761165618896e-01
8.937454968690872192e-02
5.351569503545761108e-02
3.708974272012710571e-02
1.175974681973457336e-01
4.667363688349723816e-02
1.593374758958816528e-01
4.088106378912925720e-02
1.556420475244522095e-01
-3.641927987337112427e-02
3.256091177463531494e-01
1.658919006586074829e-01
1.994707733392715454e-01
-2.007650677114725113e-03
2.425173372030258179e-01
8.079086989164352417e-02
3.654125332832336426e-01
2.499927729368209839e-01
3.118791282176971436e-01
2.341447323560714722e-01
2.114622145891189575e-01
-1.437386265024542809e-03
1.224452722817659378e-02
8.642592281103134155e-02
1.957621723413467407e-01
9.803833812475204468e-02
1.889066249132156372e-01
3.023159503936767578e-01
1.370470225811004639e-01
3.049603998661041260e-01
1.585635542869567871e-01
1.692018955945968628e-01
1.751866489648818970e-01
1.196745559573173523e-01
3.112652897834777832e-01
1.518532186746597290e-01
2.230963557958602905e-01
3.092149496078491211e-01
2.482776492834091187e-01
-1.337803453207015991e-01
1.559754163026809692e-01
1.971410959959030151e-01
-5.790754407644271851e-02
2.550044059753417969e-01
2.440611571073532104e-01
1.181063205003738403e-01
1.763320267200469971e-01
-3.255451470613479614e-02
1.997049003839492798e-01
3.280910551548004150e-01
2.465080171823501587e-01
6.832800060510635376e-02
-6.358132511377334595e-02
3.623624145984649658e-01
2.230223566293716431e-01
1.574271470308303833e-01
1.782797127962112427e-01
2.661097645759582520e-01
1.999485939741134644e-01
1.667098850011825562e-01
2.817474007606506348e-01
-8.949289098381996155e-03
2.072136253118515015e-01
2.134403437376022339e-01
1.258262842893600464e-01
4.236852824687957764e-01
2.042089961469173431e-02
8.334846049547195435e-02
1.850348711013793945e-01
8.841258287429809570e-02
2.767150104045867920e-01
2.084386199712753296e-01
1.887498348951339722e-01
3.533871471881866455e-01
1.490825861692428589e-01
3.230139017105102539e-01
1.818664073944091797e-01
6.160607933998107910e-02
-6.698325276374816895e-03
2.027858346700668335e-01
5.407328251749277115e-03
8.339530974626541138e-02
-1.182721182703971863e-01
1.937094628810882568e-01
3.733162581920623779e-01
3.015653192996978760e-01
-1.706750877201557159e-02
2.806949913501739502e-01
7.076236605644226074e-02
3.106204606592655182e-02
1.765384376049041748e-01
