9.284958988428115845e-02
9.521383047103881836e-02
2.609034776687622070e-01
2.128003835678100586e-01
7.737680524587631226e-02
-1.678531989455223083e-02
-2.745429053902626038e-02
-1.936483681201934814e-01
1.790144741535186768e-01
9.779464453458786011e-02
1.490150690078735352e-01
-5.256410688161849976e-02
1.716621667146682739e-01
3.274901304394006729e-03
1.126898378133773804e-01
-9.422165155410766602e-02
1.293199509382247925e-01
8.658603578805923462e-02
1.339313834905624390e-01
-1.949802488088607788e-01
-2.124880254268646240e-02
6.500926613807678223e-02
-1.749889552593231201e-01
1.359423547983169556e-01
8.527766168117523193e-02
-1.043375581502914429e-02
-2.212086319923400879e-01
8.789201825857162476e-02
1.338471174240112305e-01
1.300939023494720459e-01
1.192325204610824585e-01
5.413871258497238159e-02
1.546098142862319946e-01
9.401653707027435303e-02
3.425010144710540771e-01
-4.978485032916069031e-02
9.893282502889633179e-02
-7.942113280296325684e-02
2.477894164621829987e-02
-1.134536042809486389e-01
1.050430536270141602e-01
-4.124293336644768715e-04
1.399500221014022827e-01
-1.378771662712097168e-01
-2.408096194267272949e-02
4.020117968320846558e-02
1.604931354522705078e-01
7.537211786257103086e-05
1.849588751792907715e-01
-7.173629105091094971e-02
-2.296936511993408203e-01
8.179136551916599274e-03
1.333411037921905518e-01
-3.787245228886604309e-02
-8.058220893144607544e-02
-2.280132770538330078e-01
2.258710414171218872e-01
1.606410592794418335e-01
-1.207415014505386353e-01
-2.426742762327194214e-02
7.589039206504821777e-02
1.760042272508144379e-02
6.424621492624282837e-02
1.001655235886573792e-01
-1.668777316808700562e-01
-5.556580796837806702e-02
6.946062296628952026e-02
-7.522964477539062500e-02
1.568055450916290283e-01
3.604503273963928223e-01
-2.555452100932598114e-02
1.534533500671386719e-01
3.363220691680908203e-01
1.005608215928077698e-01
1.075040623545646667e-01
3.118598163127899170e-01
1.022798418998718262e-01
1.961838603019714355e-01
1.329782307147979736e-01
1.511719971895217896e-01
2.874500676989555359e-02
1.979119181632995605e-01
8.957686275243759155e-02
2.372073382139205933e-01
5.369922518730163574e-02
1.325488537549972534e-01
-5.348131060600280762e-02
-5.058611277490854263e-03
-3.637115657329559326e-02
-1.216251477599143982e-01
1.899356096982955933e-01
-2.283033728599548340e-02
1.436009407043457031e-01
3.057661354541778564e-01
9.889557957649230957e-02
4.422480612993240356e-02
8.407231420278549194e-02
1.220198422670364380e-01
2.194638550281524658e-01
3.097020387649536133e-01
2.290091365575790405e-01
2.667897045612335205e-01
1.496628075838088989e-01
2.160300761461257935e-01
8.621396869421005249e-02
3.026875257492065430e-01
1.920083351433277130e-02
2.071638405323028564e-01
1.650434583425521851e-01
2.464215308427810669e-01
2.227501571178436279e-01
2.149320393800735474e-01
-4.511411488056182861e-02
2.289977073669433594e-01
1.590514183044433594e-02
7.255265116691589355e-02
1.097482219338417053e-01
4.982740432024002075e-02
2.491444051265716553e-01
-2.130190096795558929e-02
2.275102734565734863e-01
2.202860414981842041e-01
-1.309520751237869263e-01
2.048036456108093262e-01
7.211180776357650757e-02
9.867218881845474243e-02
2.037740498781204224e-01
2.685776166617870331e-02
1.583483666181564331e-01
3.051590323448181152e-01
3.059948384761810303e-01
8.374425768852233887e-02
2.657572329044342041e-01
-2.848575264215469360e-02
-9.153881669044494629e-02
1.611650586128234863e-01
3.407231867313385010e-01
9.797768294811248779e-02
1.678557991981506348e-01
5.065113306045532227e-02
2.246205359697341919e-01
2.261970490217208862e-01
1.744677722454071045e-01
6.465211510658264160e-02
7.465627789497375488e-02
2.688008360564708710e-02
3.334184587001800537e-01
5.594529584050178528e-02
2.015425115823745728e-01
1.505766808986663818e-01
2.097255438566207886e-01
1.105022281408309937e-01
-3.333819331601262093e-04
4.372128844261169434e-02
1.901702582836151123e-01
8.696182630956172943e-03
-3.561716154217720032e-02
2.425860613584518433e-01
1.984769403934478760e-01
-5.981508642435073853e-02
1.145355682820081711e-02
1.678124964237213135e-01
2.046507894992828369e-01
6.179520487785339355e-02
2.323003560304641724e-01
9.357874095439910889e-02
-7.248849608004093170e-03
1.422158330678939819e-01
3.451670408248901367e-01
1.931657344102859497e-01
2.302539348602294922e-01
9.272467344999313354e-02
-6.303793191909790039e-02
2.365699112415313721e-01
2.333423644304275513e-01
7.294284552335739136e-02
3.005168959498405457e-02
8.175344020128250122e-02
1.868127584457397461e-01
3.342779353260993958e-02
1.739716082811355591e-01
-5.821343883872032166e-02
2.349314391613006592e-01
3.834865391254425049e-01
2.536225616931915283e-01
4.763798713684082031e-01
3.528966009616851807e-01
-2.345662713050842285e-01
2.146226614713668823e-01
1.810328215360641479e-01
1.159039065241813660e-01
-5.137937515974044800e-02
1.167813464999198914e-01
3.953166902065277100e-01
5.810149013996124268e-02
5.364708974957466125e-02
2.705689370632171631e-01
-2.668772265315055847e-02
1.746989041566848755e-01
9.522838145494461060e-02
2.631600499153137207e-01
2.874969244003295898e-01
-3.419124707579612732e-02
6.597367674112319946e-02
1.108582913875579834e-01
1.905075758695602417e-01
1.831611245870590210e-01
2.594563961029052734e-01
1.971864514052867889e-02
-1.021122112870216370e-01
1.025841385126113892e-01
2.229134589433670044e-01
3.042441308498382568e-01
4.379011318087577820e-02
2.191770821809768677e-01
-8.576795458793640137e-02
1.944291740655899048e-01
2.395457625389099121e-01
2.312582135200500488e-01
2.005460709333419800e-01
-1.616943031549453735e-01
1.899404972791671753e-01
2.272731959819793701e-01
1.328559815883636475e-01
2.574097514152526855e-01
2.023682892322540283e-01
5.258688330650329590e-02
1.492165327072143555e-01
2.595035433769226074e-01
1.310596317052841187e-01
3.028910160064697266e-01
1.035215258598327637e-01
1.719035804271697998e-01
2.454741895198822021e-01
2.024312019348144531e-01
1.293662004172801971e-02
2.410022541880607605e-02
2.316760644316673279e-02
2.683208510279655457e-02
3.523452952504158020e-02
8.316068351268768311e-02
1.495183557271957397e-01
1.579703241586685181e-01
1.401504427194595337e-01
2.121450304985046387e-01
1.467004269361495972e-01
5.264508351683616638e-02
4.075956344604492188e-02
2.314327061176300049e-01
1.041443049907684326e-01
5.586773157119750977e-02
-5.003259517252445221e-03
1.250613778829574585e-01
-8.232422918081283569e-02
1.624075174331665039e-01
2.291067540645599365e-01
1.598784476518630981e-01
-1.646345295011997223e-02
-1.510275602340698242e-01
9.168080985546112061e-02
5.587141960859298706e-02
-8.857360482215881348e-02
2.804264128208160400e-01
2.507357001304626465e-01
6.165836006402969360e-02
2.654037773609161377e-01
2.726768255233764648e-01
1.084242016077041626e-02
3.414888679981231689e-01
2.146661430597305298e-01
2.866803407669067383e-01
-2.030170150101184845e-02
-1.803423627279698849e-03
1.987152965739369392e-03
2.401017248630523682e-01
3.130170404911041260e-01
2.907165288925170898e-01
6.022117566317319870e-03
3.813639283180236816e-01
6.870575249195098877e-02
2.071825116872787476e-01
1.451873332262039185e-01
1.538137495517730713e-01
1.101837903261184692e-01
9.565291553735733032e-02
-2.394948713481426239e-02
-1.407438982278108597e-02
3.108621835708618164e-01
1.841530352830886841e-01
2.691570520401000977e-01
2.339032292366027832e-01
2.416526228189468384e-01
2.359905391931533813e-01
1.922651082277297974e-01
1.194680556654930115e-01
3.779548779129981995e-02
6.165659427642822266e-02
3.041605353355407715e-01
1.389123052358627319e-01
1.701503992080688477e-01
9.724491089582443237e-02
1.986747384071350098e-01
1.080911010503768921e-01
1.153062283992767334e-02
1.691211313009262085e-01
1.568333953619003296e-01
2.284656465053558350e-01
9.792459756135940552e-02
8.727816492319107056e-02
6.831042468547821045e-02
1.799924522638320923e-01
1.599157452583312988e-01
8.337383717298507690e-02
3.488851785659790039e-01
1.567254066467285156e-01
2.417241781949996948e-01
5.693909153342247009e-02
2.367539256811141968e-01
2.315966486930847168e-01
1.407472193241119385e-01
4.029504209756851196e-02
6.964342296123504639e-02
1.290281265974044800e-01
1.968802213668823242e-01
2.942914068698883057e-01
1.023794636130332947e-01
2.356679439544677734e-01
-8.826441317796707153e-02
3.593519330024719238e-02
1.385141015052795410e-01
1.267162263393402100e-01
2.021165937185287476e-01
4.334355890750885010e-01
1.971907317638397217e-01
1.694842725992202759e-01
-1.789281517267227173e-02
5.571369826793670654e-02
1.733061969280242920e-01
4.229944050312042236e-01
1.264591068029403687e-01
3.532479703426361084e-02
5.681374296545982361e-02
2.698068879544734955e-02
1.592276692390441895e-01
-9.667276591062545776e-02
1.526206582784652710e-01
1.960721909999847412e-01
2.969244420528411865e-01
9.273247420787811279e-02
1.429084092378616333e-01
1.863523721694946289e-01
-1.190800871700048447e-02
-4.082029312849044800e-02
-8.620307594537734985e-02
6.458747386932373047e-02
1.641552895307540894e-01
3.574018180370330811e-01
4.352471604943275452e-02
1.471976339817047119e-01
1.292386949062347412e-01
1.524076163768768311e-01
-8.770878612995147705e-02
1.665498465299606323e-01
2.204701602458953857e-01
3.774718344211578369e-01
1.236041486263275146e-01
3.816924989223480225e-01
2.873165309429168701e-01
2.028329521417617798e-01
2.338528186082839966e-01
2.617723941802978516e-01
8.082348108291625977e-02
2.697044909000396729e-01
-1.281116716563701630e-02
1.022558286786079407e-01
-2.556134946644306183e-02
1.496684504672884941e-03
1.768256723880767822e-01
2.568018734455108643e-01
-4.551722481846809387e-02
1.927991807460784912e-01
2.778013348579406738e-01
3.051894307136535645e-01
2.671483159065246582e-01
1.688416451215744019e-01
1.986318081617355347e-01
1.890577971935272217e-01
2.906851172447204590e-01
2.562923431396484375e-01
2.261075824499130249e-01
1.743990033864974976e-01
2.228593379259109497e-01
1.394991278648376465e-01
1.548879891633987427e-01
1.600631922483444214e-01
2.464001774787902832e-01
2.920984923839569092e-01
3.024965822696685791e-01
3.068084120750427246e-01
2.585399448871612549e-01
2.862130105495452881e-01
2.134638875722885132e-01
1.014875695109367371e-01
2.194181531667709351e-01
1.006764471530914307e-01
1.262751221656799316e-01
2.438423782587051392e-01
3.784162104129791260e-01
1.791267096996307373e-01
3.755987286567687988e-01
2.500333786010742188e-01
2.131987363100051880e-01
3.103027343750000000e-01
-8.156877011060714722e-02
6.189123261719942093e-03
9.707953780889511108e-02
1.025255322456359863e-01
2.452129572629928589e-01
2.405385822057723999e-01
7.686454802751541138e-02
3.110579252243041992e-01
2.136547118425369263e-01
1.769121289253234863e-01
2.194024473428726196e-01
3.763258457183837891e-01
4.189281761646270752e-01
1.935726702213287354e-01
4.637544229626655579e-02
-3.540745005011558533e-02
2.841213047504425049e-01
3.891738355159759521e-01
1.684409230947494507e-01
1.218369826674461365e-01
1.443358212709426880e-01
6.708499789237976074e-02
3.319608569145202637e-01
4.271126389503479004e-01
1.351282894611358643e-01
5.249467864632606506e-02
2.417101263999938965e-01
1.023057848215103149e-01
9.937624633312225342e-02
2.587535679340362549e-01
3.058395087718963623e-01
1.292677819728851318e-01
1.340648718178272247e-02
2.375301271677017212e-01
3.987211287021636963e-01
5.131949856877326965e-02
1.571322828531265259e-01
1.770539432764053345e-01
1.523265540599822998e-01
1.866071969270706177e-01
2.435162812471389771e-01
7.875879853963851929e-02
2.268222272396087646e-01
1.104656308889389038e-01
1.586622744798660278e-01
3.289661109447479248e-01
4.097669199109077454e-02
4.566224291920661926e-02
7.860434055328369141e-02
1.969126164913177490e-01
1.927079856395721436e-01
2.390527874231338501e-01
2.163089364767074585e-01
1.079454571008682251e-01
2.748650610446929932e-01
1.925028301775455475e-02
3.239945769309997559e-01
2.440660893917083740e-01
1.462781280279159546e-01
2.265004813671112061e-01
1.581653952598571777e-01
2.788805961608886719e-01
2.072357535362243652e-01
-5.473103374242782593e-02
1.320367157459259033e-01
-1.991081610321998596e-02
6.632694602012634277e-02
2.229414284229278564e-01
4.405123591423034668e-01
2.024070620536804199e-01
7.590544968843460083e-02
2.010295689105987549e-01
3.658114075660705566e-01
2.165202051401138306e-01
3.135140985250473022e-02
6.020896509289741516e-02
-6.697822362184524536e-02
2.431749850511550903e-01
4.940339922904968262e-02
1.632883846759796143e-01
-3.006964921951293945e-02
-9.018624573945999146e-02
-2.418271452188491821e-02
4.032998681068420410e-01
-2.988912910223007202e-02
1.342756301164627075e-01
6.943677365779876709e-02
1.588046699762344360e-01
-6.873745471239089966e-02
8.567882329225540161e-02
3.274604380130767822e-01
1.567689478397369385e-01
2.488819807767868042e-01
1.205648705363273621e-01
2.460928410291671753e-01
5.869992077350616455e-02
2.942100167274475098e-01
1.983328014612197876e-01
9.290851652622222900e-02
4.896404594182968140e-02
3.726476430892944336e-01
2.839792966842651367e-01
2.683638632297515869e-01
3.498936444520950317e-02
6.419289857149124146e-03
-9.369995445013046265e-03
1.938783824443817139e-01
1.951935440301895142e-01
7.891789078712463379e-02
1.244915649294853210e-01
1.004937589168548584e-01
1.309808343648910522e-01
1.740577220916748047e-01
3.728736564517021179e-02
2.986089885234832764e-01
1.436474621295928955e-01
3.026963770389556885e-01
2.343524098396301270e-01
7.274697721004486084e-02
-1.118184626102447510e-01
4.542984068393707275e-02
3.026322424411773682e-01
1.400977186858654022e-02
1.614205539226531982e-01
2.165284901857376099e-01
1.347408741712570190e-01
8.539537340402603149e-02
1.734999418258666992e-01
2.750391662120819092e-01
6.744702160358428955e-02
1.952830404043197632e-01
1.163694337010383606e-01
1.183759421110153198e-01
-4.804490879178047180e-02
6.841512024402618408e-02
1.556575894355773926e-01
2.897561341524124146e-02
3.206319212913513184e-01
2.442234307527542114e-01
1.014317497611045837e-01
2.879553437232971191e-01
1.977107077836990356e-01
-7.712081074714660645e-02
1.857486665248870850e-01
2.217105776071548462e-01
2.194638848304748535e-01
2.473836392164230347e-01
7.515569031238555908e-02
1.638016849756240845e-01
9.181637316942214966e-02
2.813453078269958496e-01
2.114206403493881226e-01
1.437157392501831055e-01
1.754862219095230103e-01
1.633918881416320801e-01
4.159388691186904907e-02
1.856413036584854126e-01
1.520525813102722168e-01
9.872087091207504272e-02
9.445488452911376953e-02
1.807778775691986084e-01
3.618811070919036865e-02
1.027757003903388977e-01
2.274832129478454590e-02
5.949243530631065369e-02
2.170660048723220825e-01
5.017062276601791382e-02
2.703054547309875488e-01
2.267788648605346680e-01
1.166696995496749878e-01
3.568300306797027588e-01
8.880921453237533569e-02
1.566255390644073486e-01
2.426775693893432617e-01
1.787850111722946167e-01
-3.977332264184951782e-02
2.764763534069061279e-01
4.245654866099357605e-02
-8.422199636697769165e-02
3.658664524555206299e-01
2.646209895610809326e-01
2.815113365650177002e-01
1.397117674350738525e-01
2.523080632090568542e-02
2.584462761878967285e-01
3.143370747566223145e-01
2.608846724033355713e-01
1.650942862033843994e-01
1.248356178402900696e-01
2.142197340726852417e-01
1.474834978580474854e-01
2.072007507085800171e-01
3.595014661550521851e-02
2.881536483764648438e-01
4.022774994373321533e-01
2.377996295690536499e-01
1.012849807739257812e-01
-9.192257188260555267e-03
3.604634106159210205e-01
3.348131179809570312e-01
3.210114836692810059e-01
1.958521455526351929e-01
2.758483886718750000e-01
3.016087710857391357e-01
3.560807704925537109e-01
2.864509224891662598e-01
1.933321058750152588e-01
1.816110014915466309e-01
1.803979128599166870e-01
2.050815671682357788e-01
1.753565371036529541e-01
-2.016609720885753632e-02
5.249047651886940002e-02
3.413517177104949951e-01
1.806661933660507202e-01
3.188074231147766113e-01
1.356757730245590210e-01
1.343561857938766479e-01
2.796022593975067139e-01
3.792473375797271729e-01
5.407050251960754395e-02
3.170889019966125488e-01
3.315943777561187744e-01
2.170857191085815430e-01
2.576252818107604980e-01
2.320123761892318726e-01
2.684129178524017334e-01
1.931262761354446411e-01
-6.383028812706470490e-03
2.633687555789947510e-01
-5.012401845306158066e-03
1.247923225164413452e-01
2.161003947257995605e-01
-3.269701078534126282e-02
3.830609023571014404e-01
2.008103281259536743e-01
1.196825802326202393e-01
3.033276796340942383e-01
3.598647415637969971e-01
8.946301043033599854e-02
1.733032613992691040e-01
5.336517095565795898e-02
1.739549636840820312e-01
-8.291739225387573242e-02
1.426323205232620239e-01
-3.437511995434761047e-02
3.380789458751678467e-01
2.445617616176605225e-01
1.581077575683593750e-01
9.567131102085113525e-02
1.887865662574768066e-01
1.385836452245712280e-01
1.061947196722030640e-01
8.423764258623123169e-02
1.088972240686416626e-01
3.142718970775604248e-01
1.808353811502456665e-01
8.802694082260131836e-02
4.100921377539634705e-02
2.232993245124816895e-01
2.147538959980010986e-01
2.915832102298736572e-01
-6.386154145002365112e-02
-1.968017779290676117e-02
4.941336065530776978e-02
1.266374345868825912e-02
6.567740440368652344e-02
2.370217293500900269e-01
2.161438614130020142e-01
2.684040069580078125e-01
1.164999753236770630e-01
9.844987839460372925e-02
1.921204179525375366e-01
1.347304433584213257e-01
2.303975224494934082e-01
2.835617773234844208e-02
1.936004757881164551e-01
-7.965616136789321899e-02
-4.258313030004501343e-02
1.058794558048248291e-01
2.239173799753189087e-01
2.115176320075988770e-01
2.055249065160751343e-01
-9.616740047931671143e-02
1.639459878206253052e-01
1.399638056755065918e-01
1.962514817714691162e-01
2.757637202739715576e-01
2.189888656139373779e-01
3.108681738376617432e-01
1.937849521636962891e-01
2.019820958375930786e-01
-1.362691447138786316e-02
1.094265207648277283e-01
3.081965148448944092e-01
1.951750069856643677e-01
3.596835434436798096e-01
2.183800488710403442e-01
1.140925511717796326e-01
8.990570157766342163e-02
3.313711285591125488e-01
2.508421242237091064e-01
2.903341054916381836e-01
3.259703051298856735e-03
1.020113974809646606e-01
2.568629086017608643e-01
5.012679100036621094e-02
-1.673045940697193146e-02
2.401461601257324219e-01
1.201411560177803040e-01
1.695387251675128937e-02
4.124533832073211670e-01
1.771453619003295898e-01
1.147313714027404785e-01
1.706274300813674927e-01
-5.300078541040420532e-02
7.128811627626419067e-02
2.444306313991546631e-01
1.987299919128417969e-01
2.802214324474334717e-01
3.050853013992309570e-01
1.893999278545379639e-01
-1.024932507425546646e-02
9.205456078052520752e-02
1.163875982165336609e-01
1.526558306068181992e-02
1.513612419366836548e-01
2.192786186933517456e-01
3.898327425122261047e-02
9.299525991082191467e-03
2.203555777668952942e-02
7.951656728982925415e-02
4.965899586677551270e-01
1.771202683448791504e-01
2.464639693498611450e-01
1.583465337753295898e-01
3.210933804512023926e-01
2.458580285310745239e-01
-4.292330518364906311e-02
-1.027803048491477966e-01
3.412030637264251709e-01
1.656346470117568970e-01
6.850845646113157272e-03
2.371049076318740845e-01
1.261161267757415771e-01
2.358527779579162598e-01
8.019310235977172852e-02
2.400246560573577881e-01
-4.656955972313880920e-02
1.588707119226455688e-01
2.522911131381988525e-01
2.125505656003952026e-01
4.168692603707313538e-02
9.018739312887191772e-02
1.338273435831069946e-01
1.000854149460792542e-01
1.903842687606811523e-01
2.451913803815841675e-01
-2.817644178867340088e-02
2.461117319762706757e-02
3.592691719532012939e-01
7.977030426263809204e-02
-2.230803370475769043e-01
3.123152554035186768e-01
3.318500220775604248e-01
4.582441225647926331e-02
-1.781395450234413147e-02
1.156695410609245300e-01
3.068030998110771179e-02
5.535729229450225830e-02
6.268505007028579712e-02
1.351462155580520630e-01
6.364914774894714355e-02
1.967607885599136353e-01
2.956394553184509277e-01
2.150886654853820801e-01
1.958082430064678192e-02
2.672439813613891602e-01
1.075459551066160202e-02
1.859473139047622681e-01
9.624526649713516235e-02
3.573802411556243896e-01
3.296210616827011108e-02
4.030099883675575256e-02
-3.168307244777679443e-02
1.966693401336669922e-01
2.622455358505249023e-01
2.734962999820709229e-01
1.024252921342849731e-01
1.099695488810539246e-01
3.294453024864196777e-01
3.804986476898193359e-01
4.729981720447540283e-01
2.430060505867004395e-01
6.399707496166229248e-02
2.956090867519378662e-01
8.934739977121353149e-02
1.836097240447998047e-01
1.244860589504241943e-01
8.901494741439819336e-02
2.037584185600280762e-01
9.146136790513992310e-02
1.920711696147918701e-01
1.200404316186904907e-01
1.712425611913204193e-02
1.296117007732391357e-01
9.383192658424377441e-02
2.007209360599517822e-01
1.452730894088745117e-01
1.490606963634490967e-01
2.073466628789901733e-01
2.443992346525192261e-02
3.133802115917205811e-01
2.944154739379882812e-01
-5.280134733766317368e-03
4.602651298046112061e-02
2.212072014808654785e-01
2.105913758277893066e-01
9.660745039582252502e-03
4.635082185268402100e-02
2.610844671726226807e-01
1.383363157510757446e-01
4.199280869215726852e-03
5.266839638352394104e-03
1.244095265865325928e-01
1.717982143163681030e-01
1.701683402061462402e-01
1.875817626714706421e-01
1.676975488662719727e-01
-9.558901190757751465e-02
7.819512486457824707e-02
-1.943675987422466278e-02
1.879615522921085358e-02
2.507131993770599365e-01
1.712178885936737061e-01
2.560682594776153564e-01
2.857203185558319092e-01
-5.248862132430076599e-02
4.999217391014099121e-02
3.290726989507675171e-02
1.800573021173477173e-01
3.518878715112805367e-03
3.731046319007873535e-01
2.086241841316223145e-01
1.376893520355224609e-01
2.403970360755920410e-01
1.986103057861328125e-01
3.006645441055297852e-01
4.588342830538749695e-02
1.092925220727920532e-01
9.256956726312637329e-02
6.555277109146118164e-02
-3.884891420602798462e-02
-2.397457323968410492e-02
1.797222495079040527e-01
1.049089133739471436e-01
6.865907460451126099e-02
3.156260848045349121e-01
1.857147961854934692e-01
1.282744202762842178e-02
1.677467823028564453e-01
1.304993927478790283e-01
-5.047095473855733871e-03
3.634994328022003174e-01
2.887415587902069092e-01
4.130624607205390930e-02
2.638844549655914307e-01
2.899798452854156494e-01
4.090549051761627197e-01
8.335755765438079834e-02
7.871408946812152863e-03
-6.896080914884805679e-03
6.598841398954391479e-02
3.138491213321685791e-01
8.989210426807403564e-02
6.968569010496139526e-02
3.377738595008850098e-01
1.726990938186645508e-01
1.204517260193824768e-01
2.032164633274078369e-01
1.033644974231719971e-01
1.494688242673873901e-01
1.928381174802780151e-01
2.527745999395847321e-02
4.019086658954620361e-01
-3.128372505307197571e-02
1.211168691515922546e-01
1.617739908397197723e-02
1.146107260137796402e-02
-1.663875430822372437e-01
2.438792437314987183e-01
7.362448424100875854e-02
-7.536018639802932739e-02
8.051295578479766846e-02
2.459553033113479614e-01
2.921432554721832275e-01
1.853575259447097778e-01
-3.241196647286415100e-02
1.909592002630233765e-01
2.673415243625640869e-01
-8.443891257047653198e-02
-7.432550936937332153e-02
1.465509235858917236e-01
1.660482138395309448e-01
2.394895702600479126e-01
3.124639093875885010e-01
2.294344007968902588e-01
1.503938138484954834e-01
4.210024476051330566e-01
-1.288034394383430481e-02
7.923250645399093628e-02
4.231242835521697998e-02
4.751015827059745789e-02
1.786714345216751099e-01
3.221417367458343506e-01
2.280052751302719116e-02
2.292538583278656006e-01
-7.427069544792175293e-02
2.943859696388244629e-01
1.247121244668960571e-01
5.256309174001216888e-03
-6.976080685853958130e-02
1.592049747705459595e-01
2.545438110828399658e-01
2.287828773260116577e-01
1.656336784362792969e-01
2.672279253602027893e-02
1.840497702360153198e-01
6.223074719309806824e-02
1.216922625899314880e-01
2.143573015928268433e-01
3.627009093761444092e-01
-8.066142909228801727e-03
9.892085939645767212e-02
1.052548289299011230e-01
1.185280457139015198e-01
2.313721328973770142e-01
2.592494785785675049e-01
-3.544383496046066284e-02
3.212873637676239014e-01
1.975393295288085938e-01
1.272496283054351807e-01
2.179401665925979614e-01
1.059948280453681946e-01
2.346449047327041626e-01
1.463546305894851685e-01
2.289373427629470825e-01
-2.258252166211605072e-02
1.182763837277889252e-02
2.608504593372344971e-01
6.061658635735511780e-02
5.151186138391494751e-02
1.835616976022720337e-01
4.078647494316101074e-01
2.431223094463348389e-01
5.401018261909484863e-02
2.344958186149597168e-01
1.732072979211807251e-01
1.714276075363159180e-01
2.670346945524215698e-02
1.543851345777511597e-01
2.875365912914276123e-01
1.307663768529891968e-01
4.801888167858123779e-01
2.771557122468948364e-02
1.521648317575454712e-01
1.910276524722576141e-02
-7.742309570312500000e-02
2.403644621372222900e-01
2.741973400115966797e-01
2.156193703413009644e-01
3.170441091060638428e-01
1.667702347040176392e-01
-8.827514201402664185e-02
5.053849518299102783e-02
1.910285800695419312e-01
6.979324668645858765e-02
-2.363421022891998291e-02
-2.436175197362899780e-02
1.665132790803909302e-01
1.956531703472137451e-01
7.964950799942016602e-02
1.678224354982376099e-01
9.907965362071990967e-02
6.840975582599639893e-02
-6.577469408512115479e-02
3.128571808338165283e-01
7.495945692062377930e-02
3.758183121681213379e-02
5.973195284605026245e-02
2.400420606136322021e-01
2.036315649747848511e-01
1.977870464324951172e-01
1.093087792396545410e-01
1.946862414479255676e-02
1.268684864044189453e-01
1.324976328760385513e-02
1.433693468570709229e-01
2.217934280633926392e-01
5.850538983941078186e-02
1.441261619329452515e-01
1.495930999517440796e-01
-1.054328978061676025e-01
2.706685066223144531e-01
7.251984905451536179e-03
1.365698426961898804e-01
3.085378110408782959e-01
-1.178415119647979736e-02
1.712570786476135254e-01
2.387714236974716187e-01
-2.898592501878738403e-02
2.552630305290222168e-01
7.163576036691665649e-02
2.681249678134918213e-01
1.324644498527050018e-02
6.071164738386869431e-03
1.456041932106018066e-01
1.870477646589279175e-01
2.703338861465454102e-01
-4.137925058603286743e-02
2.231913059949874878e-01
3.190829753875732422e-01
1.236356496810913086e-01
1.687865406274795532e-01
2.245801389217376709e-01
-2.788599766790866852e-02
2.042204737663269043e-01
2.331103980541229248e-01
9.784705936908721924e-02
1.497202515602111816e-01
9.175581485033035278e-02
1.912820339202880859e-01
-4.808314144611358643e-02
2.722969353199005127e-01
1.150524020195007324e-01
1.478105783462524414e-01
1.025592535734176636e-01
2.318770736455917358e-01
1.263154298067092896e-01
8.760778605937957764e-02
2.111549675464630127e-01
6.520772725343704224e-02
1.177733987569808960e-01
1.264693289995193481e-01
1.019731746055185795e-03
1.100642234086990356e-01
2.791405022144317627e-01
1.613618582487106323e-01
2.629449665546417236e-01
1.960791647434234619e-01
6.670674681663513184e-02
1.113398671150207520e-01
1.383639872074127197e-01
2.652255594730377197e-01
1.168115064501762390e-01
1.813669949769973755e-01
1.532156914472579956e-01
2.371787428855895996e-01
2.797062993049621582e-01
2.880880832672119141e-01
-1.356398570351302624e-03
4.947503805160522461e-01
1.182218715548515320e-01
3.350989818572998047e-01
9.550151973962783813e-02
3.117174506187438965e-01
-2.283957600593566895e-01
2.147537916898727417e-01
3.125409483909606934e-01
1.876550763845443726e-01
4.745717346668243408e-01
3.169580101966857910e-01
5.556629225611686707e-02
7.570754736661911011e-02
2.511481642723083496e-01
1.342052966356277466e-01
7.229822874069213867e-02
-4.814254865050315857e-02
-8.205506019294261932e-03
3.271717727184295654e-01
1.043776050209999084e-01
1.439695507287979126e-01
2.812876701354980469e-01
1.682294756174087524e-01
3.031857907772064209e-01
3.399743512272834778e-02
2.933960407972335815e-02
3.355944529175758362e-03
1.606569439172744751e-01
2.402203977108001709e-01
1.950950175523757935e-01
3.265289962291717529e-01
2.271380722522735596e-01
2.284922450780868530e-01
1.597421914339065552e-01
8.756004273891448975e-02
1.601872295141220093e-01
3.434144556522369385e-01
3.554075062274932861e-01
2.692528367042541504e-01
3.300747275352478027e-02
1.982314735651016235e-01
-7.116186618804931641e-02
2.917571663856506348e-01
1.557937264442443848e-01
2.664782106876373291e-02
-1.699474453926086426e-02
3.089616298675537109e-01
2.200683653354644775e-01
2.434699796140193939e-02
3.863070607185363770e-01
3.311080932617187500e-01
1.403576284646987915e-01
2.263176590204238892e-01
2.631616890430450439e-01
2.933665812015533447e-01
5.688377469778060913e-02
1.604726314544677734e-01
2.398894429206848145e-01
4.419852793216705322e-02
1.467446982860565186e-01
3.282234668731689453e-01
2.094853967428207397e-01
1.887024641036987305e-01
1.895284093916416168e-02
-2.959142439067363739e-02
2.848358452320098877e-01
1.404978930950164795e-01
2.594110965728759766e-01
1.157599464058876038e-01
1.796405166387557983e-01
2.210862189531326294e-02
9.745343029499053955e-02
1.906347274780273438e-01
1.979757547378540039e-01
1.169658526778221130e-01
5.127935484051704407e-02
1.761159449815750122e-01
-3.217225894331932068e-02
1.448143571615219116e-01
1.771723330020904541e-01
9.777890145778656006e-02
2.027984261512756348e-01
2.346009314060211182e-01
1.728892028331756592e-01
5.293666198849678040e-02
2.185586541891098022e-01
2.338324487209320068e-01
2.893301248550415039e-01
1.917455345392227173e-01
4.788821637630462646e-01
5.326638370752334595e-02
-8.293678611516952515e-02
4.315476864576339722e-02
-5.569141358137130737e-02
1.724915802478790283e-01
6.922308355569839478e-02
2.157581448554992676e-01
1.119766570627689362e-02
3.768191933631896973e-01
2.527732849121093750e-01
1.808124594390392303e-02
1.130677238106727600e-01
-4.412259534001350403e-02
2.113982737064361572e-01
1.337400972843170166e-01
7.499344646930694580e-02
7.109346240758895874e-02
8.297779411077499390e-02
3.474120795726776123e-01
-1.242728009819984436e-01
1.651992797851562500e-01
3.295053243637084961e-01
1.101371124386787415e-01
1.904084384441375732e-01
1.434489432722330093e-02
1.724891513586044312e-01
2.274279892444610596e-01
3.025274276733398438e-01
2.720208466053009033e-01
3.448555171489715576e-01
1.962944418191909790e-01
1.163171604275703430e-01
2.598764598369598389e-01
5.900347232818603516e-02
1.344323158264160156e-01
2.834733128547668457e-01
1.293965149670839310e-02
1.116223707795143127e-01
3.000167310237884521e-01
1.739619076251983643e-01
2.848321497440338135e-01
2.505594193935394287e-01
2.323573827743530273e-01
-4.403238371014595032e-02
2.419616729021072388e-01
-1.873064599931240082e-02
1.771618425846099854e-01
7.151786983013153076e-02
3.252309188246726990e-02
3.286926150321960449e-01
6.397461891174316406e-02
1.186002269387245178e-01
2.130061984062194824e-01
5.110515654087066650e-02
2.144334018230438232e-01
1.644857078790664673e-01
1.195631325244903564e-01
1.911437809467315674e-01
2.662653625011444092e-01
-7.530528306961059570e-02
2.739068865776062012e-01
-1.790450140833854675e-02
2.407280057668685913e-01
1.000447124242782593e-01
-8.516044914722442627e-02
4.445411562919616699e-01
8.154470473527908325e-02
6.928849965333938599e-02
9.784206002950668335e-02
9.669639170169830322e-02
4.034426808357238770e-01
3.167254030704498291e-01
1.907142549753189087e-01
2.296602427959442139e-01
1.868717968463897705e-01
1.966403722763061523e-01
-1.196387968957424164e-02
2.846093475818634033e-01
1.092999354004859924e-01
9.293455630540847778e-02
1.672140508890151978e-01
1.922606378793716431e-01
1.494698524475097656e-01
8.194985985755920410e-02
1.284161806106567383e-01
2.336126416921615601e-01
3.110021539032459259e-02
2.707743048667907715e-01
-9.046271443367004395e-03
2.615459263324737549e-01
-3.194585070013999939e-02
3.007659316062927246e-01
3.069076538085937500e-01
3.906777873635292053e-02
1.938943862915039062e-01
1.588690876960754395e-01
3.233236074447631836e-01
2.697517573833465576e-01
5.596461892127990723e-02
9.030325710773468018e-02
5.151138082146644592e-02
3.117981851100921631e-01
2.960387617349624634e-02
9.513178467750549316e-02
2.510810196399688721e-01
1.382518410682678223e-01
2.472433075308799744e-02
4.449845850467681885e-02
2.989653646945953369e-01
-1.027142852544784546e-01
1.215881854295730591e-01
2.257060855627059937e-01
7.129877060651779175e-02
3.119846880435943604e-01
2.887206710875034332e-02
-1.101731881499290466e-01
-4.328636080026626587e-02
8.136204443871974945e-03
5.760067701339721680e-02
2.227059453725814819e-01
2.286910265684127808e-02
2.500801905989646912e-02
1.386848390102386475e-01
4.309966564178466797e-01
2.800014913082122803e-01
2.292943298816680908e-01
5.945304036140441895e-02
2.145660221576690674e-01
1.422618031501770020e-01
1.186085119843482971e-01
4.213674739003181458e-02
7.927552610635757446e-02
4.145293533802032471e-01
1.906076073646545410e-01
1.671084612607955933e-01
1.143585294485092163e-01
1.863537132740020752e-01
1.091140788048505783e-02
1.540981233119964600e-01
3.003865480422973633e-01
5.212709903717041016e-01
9.935230016708374023e-02
1.669542938470840454e-01
6.839426606893539429e-02
1.272280812263488770e-01
2.053118348121643066e-01
1.815215349197387695e-01
2.992989420890808105e-01
3.051668703556060791e-01
2.311785966157913208e-01
-9.368048049509525299e-04
2.779801562428474426e-02
1.322648227214813232e-01
1.118447035551071167e-01
5.144948884844779968e-02
8.379784971475601196e-02
-1.448613125830888748e-02
8.219549804925918579e-02
3.316752314567565918e-01
2.018749900162220001e-02
2.150031328201293945e-01
3.098108172416687012e-01
-1.263182312250137329e-01
3.933927118778228760e-01
2.176194041967391968e-01
2.998805642127990723e-01
1.814436018466949463e-01
2.163750380277633667e-01
1.973125189542770386e-01
1.971002966165542603e-01
7.525432389229536057e-03
-1.402045227587223053e-02
1.428209692239761353e-01
9.890134446322917938e-03
1.917515993118286133e-01
8.060368895530700684e-02
3.484202921390533447e-01
3.131962418556213379e-01
1.158258393406867981e-01
3.637782633304595947e-01
2.221143841743469238e-01
1.968118995428085327e-01
2.970925271511077881e-01
1.159752383828163147e-01
6.695609539747238159e-02
1.014052256941795349e-01
1.779967695474624634e-01
-1.078297756612300873e-02
1.568414419889450073e-01
5.823440849781036377e-02
2.460649013519287109e-01
7.073317468166351318e-02
3.698046877980232239e-02
1.846045553684234619e-01
1.564393788576126099e-01
1.251530498266220093e-01
2.090471535921096802e-01
2.928755879402160645e-01
3.781024366617202759e-02
3.056876063346862793e-01
4.082618653774261475e-02
2.726057469844818115e-01
3.952431082725524902e-01
6.263561546802520752e-02
-1.217208988964557648e-02
1.454723477363586426e-01
2.230324894189834595e-01
2.155526727437973022e-01
3.989589214324951172e-02
4.860539436340332031e-01
1.071140542626380920e-01
-5.373056232929229736e-02
1.549015641212463379e-01
3.217333555221557617e-02
7.429847121238708496e-02
1.018085554242134094e-01
1.156172379851341248e-01
2.135692238807678223e-01
1.459925025701522827e-01
1.627220362424850464e-01
-5.351000465452671051e-03
-8.536092936992645264e-03
3.950836062431335449e-01
1.362647414207458496e-01
3.181836903095245361e-01
1.783366650342941284e-01
3.626677095890045166e-01
1.431871503591537476e-01
3.590770661830902100e-01
3.576453775167465210e-02
9.734699875116348267e-02
4.598012194037437439e-03
1.289387196302413940e-01
1.794379502534866333e-01
3.228630721569061279e-01
5.221911892294883728e-02
1.880938559770584106e-01
3.095129877328872681e-02
4.108603298664093018e-01
7.974551059305667877e-03
2.347204387187957764e-01
1.882250458002090454e-01
2.272188104689121246e-02
1.606989651918411255e-01
7.771638035774230957e-02
2.939503788948059082e-01
6.852792203426361084e-02
9.741971641778945923e-02
9.735149145126342773e-02
2.941575944423675537e-01
1.611577160656452179e-02
1.808459460735321045e-01
3.337407112121582031e-01
1.596031934022903442e-01
2.568047046661376953e-01
2.977462112903594971e-01
1.531873792409896851e-01
3.047182857990264893e-01
7.503941189497709274e-03
1.208316758275032043e-01
2.170419096946716309e-01
1.083357110619544983e-01
1.144250854849815369e-01
1.472647674381732941e-02
1.634544283151626587e-01
1.791810542345046997e-01
2.871732413768768311e-02
1.527538299560546875e-01
1.144739314913749695e-01
2.913767993450164795e-01
1.136516332626342773e-01
1.274692863225936890e-01
1.910701990127563477e-01
1.920158863067626953e-01
-3.235137835144996643e-02
3.527725487947463989e-02
1.051979064941406250e-01
2.459425032138824463e-01
1.325642764568328857e-01
2.229065001010894775e-01
1.164183393120765686e-01
2.518832683563232422e-01
-1.770208589732646942e-02
8.482545614242553711e-02
3.694727122783660889e-01
2.258968800306320190e-01
1.122848987579345703e-01
2.607296407222747803e-01
1.108143478631973267e-01
1.886410117149353027e-01
4.858029261231422424e-02
3.542276024818420410e-01
2.531872093677520752e-01
1.777152866125106812e-01
2.788972556591033936e-01
2.839858531951904297e-01
2.603287398815155029e-01
2.427320033311843872e-01
3.612684831023216248e-02
2.790086865425109863e-01
2.869033515453338623e-01
5.656300485134124756e-02
2.286067456007003784e-01
1.592245548963546753e-01
1.430845856666564941e-01
1.895216875709593296e-03
1.938797384500503540e-01
1.378370076417922974e-02
2.082436829805374146e-01
8.640216290950775146e-02
2.239229381084442139e-01
2.493468672037124634e-02
1.612750440835952759e-01
2.462526597082614899e-02
2.305763512849807739e-01
1.193881705403327942e-01
3.684381395578384399e-02
1.057818904519081116e-01
2.477622628211975098e-01
-1.005571857094764709e-01
7.686269283294677734e-02
2.491632699966430664e-01
1.951150447130203247e-01
2.696003913879394531e-01
1.000815033912658691e-01
7.528562843799591064e-02
2.311989367008209229e-01
1.745230257511138916e-01
1.106225699186325073e-01
5.848943069577217102e-02
1.848537176847457886e-01
1.626071482896804810e-01
2.850809991359710693e-01
2.101545780897140503e-01
1.535708755254745483e-01
1.585401296615600586e-01
1.483256071805953979e-01
-4.232491366565227509e-03
2.068464308977127075e-01
-1.117778569459915161e-02
1.067536473274230957e-01
1.510960310697555542e-01
9.287764877080917358e-02
-3.437534347176551819e-02
8.933247625827789307e-02
1.267342269420623779e-02
-7.077506184577941895e-02
2.843067348003387451e-01
5.354908481240272522e-02
2.509326934814453125e-01
7.752862572669982910e-02
-2.143662795424461365e-02
2.995466589927673340e-01
2.068592756986618042e-01
9.034228324890136719e-02
8.404409140348434448e-02
1.568569689989089966e-01
3.513960540294647217e-01
2.583147287368774414e-01
3.203150629997253418e-01
2.892597615718841553e-01
9.605345875024795532e-02
1.389685124158859253e-01
1.824960261583328247e-01
1.574750542640686035e-01
8.095123618841171265e-02
6.794396042823791504e-02
2.610252797603607178e-01
2.060669362545013428e-01
1.469201296567916870e-01
3.057883679866790771e-01
1.794421970844268799e-01
-1.840102113783359528e-02
2.247326225042343140e-01
8.162645250558853149e-02
3.229310810565948486e-01
2.751981019973754883e-01
3.167023956775665283e-01
2.335593998432159424e-01
8.084990084171295166e-02
1.881753355264663696e-01
3.995665535330772400e-02
1.894846111536026001e-01
1.021381318569183350e-01
5.689431354403495789e-02
1.205220073461532593e-01
5.170786753296852112e-02
1.422138512134552002e-01
2.012696862220764160e-01
2.590977549552917480e-01
1.073039993643760681e-01
-1.149114891886711121e-01
2.257366329431533813e-01
1.011722013354301453e-01
-5.626097694039344788e-02
2.503145933151245117e-01
3.610161691904067993e-02
1.174920797348022461e-01
1.262697484344244003e-02
8.118791133165359497e-02
2.461781948804855347e-01
2.526718936860561371e-02
1.410456448793411255e-01
1.915377527475357056e-01
2.297700345516204834e-01
1.480410248041152954e-01
2.881781756877899170e-01
1.389181762933731079e-01
3.453082442283630371e-01
-8.042408525943756104e-02
1.457875967025756836e-01
1.212490871548652649e-01
1.546487361192703247e-01
1.321070343255996704e-01
6.895139068365097046e-02
1.490783840417861938e-01
1.728237718343734741e-01
8.768379688262939453e-02
-4.408436268568038940e-02
1.790468692779541016e-01
1.423443704843521118e-01
2.041271924972534180e-01
-1.211918070912361145e-01
1.550335884094238281e-01
3.252457678318023682e-01
9.554941207170486450e-02
2.501110136508941650e-01
1.292354166507720947e-01
3.235868215560913086e-01
2.376524657011032104e-01
1.656817793846130371e-01
-6.308835744857788086e-02
1.658512055873870850e-01
1.297832876443862915e-01
1.372745335102081299e-01
1.556538045406341553e-01
1.408865209668874741e-02
6.332150846719741821e-02
1.839052438735961914e-01
2.386940270662307739e-01
2.635617554187774658e-01
-2.168772183358669281e-02
5.688633769750595093e-02
5.843498185276985168e-02
-3.615175606682896614e-03
1.924743950366973877e-01
2.015970647335052490e-02
1.264376342296600342e-01
2.106102257966995239e-01
4.804917797446250916e-02
1.733525842428207397e-01
2.019879370927810669e-01
-1.129189655184745789e-01
8.087081462144851685e-02
8.537805825471878052e-02
7.614344358444213867e-02
5.953896045684814453e-02
3.228005021810531616e-02
1.383488029241561890e-01
8.960919827222824097e-02
2.108632624149322510e-01
1.982585787773132324e-01
3.631548956036567688e-02
2.057235836982727051e-01
2.946694791316986084e-01
1.025737971067428589e-01
3.175918161869049072e-01
3.502892255783081055e-01
5.079799890518188477e-02
9.251634031534194946e-02
2.062749713659286499e-01
9.322763979434967041e-02
2.337918281555175781e-01
8.405728638172149658e-02
6.725513935089111328e-02
2.871851250529289246e-02
9.989717602729797363e-02
1.256124526262283325e-01
2.707240283489227295e-01
1.717058569192886353e-01
1.023946031928062439e-01
-2.422629110515117645e-02
2.258955389261245728e-01
8.752039819955825806e-02
3.600691556930541992e-01
1.085781902074813843e-01
1.236919965595006943e-02
4.835461676120758057e-01
7.498949766159057617e-02
1.696023494005203247e-01
7.057841867208480835e-02
1.926110535860061646e-01
2.479107975959777832e-01
1.291852593421936035e-01
6.607203185558319092e-02
2.387253791093826294e-01
2.488314956426620483e-01
6.934824585914611816e-02
1.014662161469459534e-01
1.981012523174285889e-01
2.557942271232604980e-01
2.392250671982765198e-02
4.175718724727630615e-01
3.217802643775939941e-01
3.691933751106262207e-01
1.304880976676940918e-01
1.738645881414413452e-01
1.392832398414611816e-01
1.422388553619384766e-01
1.662434190511703491e-01
1.817170232534408569e-01
1.217052489519119263e-01
-4.346143826842308044e-02
1.980016976594924927e-01
7.787517458200454712e-02
-1.067491341382265091e-02
2.753348350524902344e-01
1.880357414484024048e-01
1.359636336565017700e-01
2.532660663127899170e-01
7.739435136318206787e-02
1.110541597008705139e-01
2.249084264039993286e-01
2.548041939735412598e-01
4.232813045382499695e-02
3.297240138053894043e-01
1.671321243047714233e-01
3.258180320262908936e-01
1.818485744297504425e-02
8.313114941120147705e-02
1.161703169345855713e-01
2.494103647768497467e-02
2.544172406196594238e-01
1.081175282597541809e-01
6.049751117825508118e-02
1.438226699829101562e-01
4.347543045878410339e-02
-1.629680022597312927e-02
5.168393626809120178e-02
4.249634221196174622e-02
2.662494480609893799e-01
2.674406766891479492e-01
3.424999713897705078e-01
2.174142152070999146e-01
2.122463732957839966e-01
2.239411324262619019e-01
1.258284691721200943e-02
2.012280821800231934e-01
1.969381421804428101e-01
3.680576384067535400e-01
-3.640307113528251648e-02
1.580295264720916748e-01
3.697918951511383057e-01
-1.202857121825218201e-01
2.802846021950244904e-02
6.909446418285369873e-02
5.374514684081077576e-02
1.872061043977737427e-01
3.029175102710723877e-03
2.778034843504428864e-02
3.696424188092350960e-03
-8.726607076823711395e-03
4.926429390907287598e-01
3.363748788833618164e-01
1.901977956295013428e-01
2.652257978916168213e-01
6.372977048158645630e-02
1.789853572845458984e-01
8.094036579132080078e-02
6.794108543545007706e-03
1.196242347359657288e-01
1.742697358131408691e-01
1.867704540491104126e-01
-1.300401799380779266e-02
3.314535617828369141e-01
2.091877460479736328e-01
2.550479397177696228e-02
2.637957036495208740e-01
4.565841332077980042e-02
1.748369261622428894e-02
2.361635863780975342e-01
1.090384349226951599e-01
4.789881408214569092e-02
2.322442680597305298e-01
3.206441760994493961e-04
2.019553333520889282e-01
2.305691689252853394e-01
7.594341039657592773e-02
3.273012489080429077e-02
4.560710117220878601e-02
-8.584431372582912445e-03
1.024386584758758545e-01
1.660951972007751465e-01
-5.694785341620445251e-02
1.377987712621688843e-01
2.188292592763900757e-01
2.213804572820663452e-01
3.676613867282867432e-01
7.187360525131225586e-02
4.473426640033721924e-01
2.731894329190254211e-02
1.485516875982284546e-01
-1.123853549361228943e-01
2.879200577735900879e-01
2.810892164707183838e-01
1.598491668701171875e-01
2.041726857423782349e-01
1.568503975868225098e-01
1.691934317350387573e-01
2.461234331130981445e-01
2.255872935056686401e-01
2.928455770015716553e-01
-9.263366460800170898e-02
2.574864625930786133e-01
2.160655707120895386e-01
-4.808057844638824463e-02
3.645025491714477539e-01
6.402961909770965576e-02
7.391651719808578491e-02
2.296262979507446289e-01
3.585608005523681641e-01
3.189004063606262207e-01
1.948255449533462524e-01
3.652028366923332214e-02
1.209729388356208801e-01
2.660385072231292725e-01
2.982273399829864502e-01
1.444178670644760132e-01
-7.477519661188125610e-02
7.305700331926345825e-02
9.118290990591049194e-02
3.382123410701751709e-01
3.480762243270874023e-02
2.029839307069778442e-01
3.113723993301391602e-01
7.420035451650619507e-02
3.356361687183380127e-01
1.321305334568023682e-01
4.984552413225173950e-02
1.820062249898910522e-01
7.299674302339553833e-02
2.291294038295745850e-01
1.964233368635177612e-01
-4.676843434572219849e-02
2.131093740463256836e-01
1.040125116705894470e-01
1.250045895576477051e-01
8.166678249835968018e-02
2.040901631116867065e-01
1.228821203112602234e-01
1.468365639448165894e-01
-1.396841555833816528e-01
6.871300935745239258e-02
-1.516681611537933350e-01
5.692810565233230591e-02
1.183946803212165833e-01
2.132995873689651489e-01
-8.771205320954322815e-03
1.516916044056415558e-02
1.445098519325256348e-01
1.585164815187454224e-01
3.633758127689361572e-01
1.147323660552501678e-02
7.208717614412307739e-02
4.330057501792907715e-01
1.780092567205429077e-01
-6.264893710613250732e-02
2.384917065501213074e-02
2.507680654525756836e-01
1.430878043174743652e-01
2.908455133438110352e-01
3.721171319484710693e-01
-1.232287846505641937e-02
1.800360232591629028e-01
2.228606492280960083e-01
-1.409542839974164963e-02
3.691865801811218262e-01
3.597608804702758789e-01
6.312997080385684967e-03
1.971481591463088989e-01
-2.403531223535537720e-01
1.175781562924385071e-01
1.520091444253921509e-01
2.224605381488800049e-01
1.703171283006668091e-01
2.692707180976867676e-01
3.475652039051055908e-01
-1.022889185696840286e-02
3.327538371086120605e-01
9.651678055524826050e-02
1.422867327928543091e-01
1.261814385652542114e-01
6.469909101724624634e-02
1.070494726300239563e-01
1.691823750734329224e-01
1.005666330456733704e-01
1.296434402465820312e-01
3.726113140583038330e-01
1.802721768617630005e-01
1.553902924060821533e-01
1.725559979677200317e-01
-8.425147272646427155e-03
-1.447212100028991699e-01
3.197440505027770996e-01
5.096759274601936340e-02
-2.852966636419296265e-02
3.440756797790527344e-01
2.141403853893280029e-01
1.357489973306655884e-01
1.817708611488342285e-01
-5.539410561323165894e-02
1.713828593492507935e-01
5.004179105162620544e-02
-8.601791225373744965e-03
7.405479252338409424e-02
4.453045874834060669e-02
1.795617938041687012e-01
5.190169438719749451e-02
5.848517641425132751e-02
1.965753734111785889e-01
1.621092557907104492e-01
6.931491941213607788e-02
1.632532626390457153e-01
5.387552082538604736e-02
3.702109158039093018e-01
2.669354379177093506e-01
1.718424260616302490e-01
2.122142612934112549e-01
2.565777897834777832e-01
1.947813034057617188e-01
2.299266904592514038e-01
2.434051409363746643e-02
2.629407644271850586e-01
-4.094707965850830078e-02
3.701244294643402100e-01
8.264386653900146484e-02
1.314679980278015137e-01
1.329479068517684937e-01
2.749149799346923828e-01
2.421054840087890625e-01
2.578145563602447510e-01
1.416239887475967407e-01
4.223407208919525146e-01
2.041258811950683594e-01
6.345131248235702515e-02
1.238593831658363342e-01
2.481500655412673950e-01
7.066170871257781982e-02
6.707844138145446777e-02
3.302505314350128174e-01
6.870302557945251465e-02
4.245509207248687744e-02
2.936817109584808350e-01
1.733540147542953491e-01
2.428523749113082886e-01
2.297717332839965820e-01
1.100828796625137329e-01
2.300249785184860229e-01
1.889852881431579590e-01
1.581522375345230103e-01
5.321113020181655884e-02
1.781226694583892822e-01
7.288524508476257324e-02
1.054994836449623108e-01
1.402598917484283447e-01
2.369646541774272919e-02
4.487999156117439270e-02
2.053203582763671875e-01
9.622348845005035400e-02
1.178644746541976929e-01
3.014150261878967285e-01
2.110132761299610138e-02
2.419671416282653809e-01
6.801235675811767578e-02
3.513910174369812012e-01
1.522126793861389160e-01
3.360302746295928955e-01
1.109093651175498962e-01
2.950181365013122559e-01
1.655877232551574707e-01
9.895370900630950928e-02
9.564008563756942749e-02
9.668497741222381592e-02
2.802902758121490479e-01
2.903436720371246338e-01
1.055838614702224731e-01
1.663791835308074951e-01
-1.031617596745491028e-01
9.084416925907135010e-02
7.158663123846054077e-02
1.346894651651382446e-01
2.594687044620513916e-01
2.602156102657318115e-01
2.946397364139556885e-01
2.407176941633224487e-01
2.274921685457229614e-01
1.735261231660842896e-01
6.789121031761169434e-02
2.765999734401702881e-01
3.045778870582580566e-01
1.388863623142242432e-01
3.650449216365814209e-01
2.982192337512969971e-01
1.447482407093048096e-01
8.254753053188323975e-02
-1.222116500139236450e-02
6.792377680540084839e-02
1.108502447605133057e-01
7.463584654033184052e-03
7.283498346805572510e-02
6.353124231100082397e-02
1.891364604234695435e-01
1.019607633352279663e-01
6.213197857141494751e-02
1.464872658252716064e-01
4.294714704155921936e-02
1.461848020553588867e-01
2.593080103397369385e-01
4.363357089459896088e-03
4.310182332992553711e-01
2.830813825130462646e-01
-2.016966231167316437e-02
1.505960077047348022e-01
2.734476923942565918e-01
2.001943141222000122e-01
8.019078522920608521e-02
-9.613487869501113892e-02
-1.267128288745880127e-01
1.434751003980636597e-01
1.204593852162361145e-01
1.815192550420761108e-01
3.052690029144287109e-01
3.436529636383056641e-01
9.102023392915725708e-02
2.876175940036773682e-01
1.272795796394348145e-01
2.111143618822097778e-01
2.220941521227359772e-02
1.024278402328491211e-01
1.394591182470321655e-01
2.221099436283111572e-01
1.988966017961502075e-01
1.012067422270774841e-01
1.024025678634643555e-01
1.747816503047943115e-01
2.046621143817901611e-01
1.138120591640472412e-01
-9.718009084463119507e-02
1.835427805781364441e-02
1.228586807847023010e-01
2.233226895332336426e-01
4.317746758460998535e-01
9.090323746204376221e-02
4.546963423490524292e-02
2.675218880176544189e-01
3.271315097808837891e-01
1.630846112966537476e-01
2.489550262689590454e-01
6.681912392377853394e-02
2.160581201314926147e-01
-9.026905894279479980e-02
1.931762844324111938e-01
8.802382275462150574e-03
1.961723715066909790e-01
2.665195167064666748e-01
2.457857131958007812e-01
1.107659488916397095e-01
-6.078149192035198212e-03
2.463742196559906006e-01
1.132529228925704956e-01
1.428780704736709595e-01
-9.998530149459838867e-03
1.046338677406311035e-01
3.154892027378082275e-01
4.841484501957893372e-02
1.308620125055313110e-01
2.334423810243606567e-01
9.732156246900558472e-02
1.654539406299591064e-01
1.084623336791992188e-01
2.687790989875793457e-01
2.430939376354217529e-01
3.064954876899719238e-01
-4.284753277897834778e-02
1.299648135900497437e-01
1.146283000707626343e-01
1.839541792869567871e-01
5.421837419271469116e-02
2.628296799957752228e-02
1.234932243824005127e-01
1.046296060085296631e-01
3.295115381479263306e-02
2.924023270606994629e-01
2.429025918245315552e-01
3.071221411228179932e-01
1.780419498682022095e-01
1.500954627990722656e-01
8.158835023641586304e-02
1.825897246599197388e-01
7.049285620450973511e-02
5.123277008533477783e-02
2.842044532299041748e-01
2.966200113296508789e-01
1.967027187347412109e-01
7.952752709388732910e-02
3.292564749717712402e-01
1.393690705299377441e-01
