-5.107709512230940163e-05
-7.466843089787289500e-05
-1.731595722958445549e-03
-1.769275986589491367e-03
-1.527025131508708000e-03
-1.765578053891658783e-03
-1.517722615972161293e-03
-1.757954014465212822e-03
-1.774530275724828243e-03
-1.452418859116733074e-03
-1.750538009218871593e-03
-1.352673047222197056e-03
-1.632274594157934189e-03
-1.714654499664902687e-03
-1.886777812615036964e-03
-1.451387885026633739e-03
-1.754064578562974930e-03
-1.755851670168340206e-03
-3.917345893569290638e-04
-1.739168073982000351e-03
-1.758895115926861763e-03
-1.760877785272896290e-03
-1.769091701135039330e-03
-1.774031203240156174e-03
-1.549177570268511772e-03
-1.644650474190711975e-03
-6.186352693475782871e-04
-5.161758735994226299e-07
-1.734793884679675102e-03
-1.631742110475897789e-03
-1.580889336764812469e-03
-1.773685449734330177e-03
-1.378500252030789852e-03
-1.734009711071848869e-03
-1.692759920842945576e-03
-1.374206738546490669e-03
-1.746739842928946018e-03
-1.738682971335947514e-03
-1.765158376656472683e-03
-1.795608550310134888e-03
-1.782921608537435532e-03
-1.432188670150935650e-03
-1.643245050217956305e-04
-1.782044069841504097e-03
-1.454845769330859184e-03
-1.783635932952165604e-03
-1.748494105413556099e-03
-1.708047930151224136e-03
-1.746532856486737728e-03
-1.653892686590552330e-03
-1.720820204354822636e-03
-1.727134454995393753e-03
-1.684203045442700386e-03
-1.565013895742595196e-03
-1.736368634738028049e-03
-1.778716687113046646e-03
-1.912294654175639153e-03
-4.941762017551809549e-05
-1.767665613442659378e-03
-1.556821982376277447e-03
-1.721999258734285831e-03
-1.805739011615514755e-03
-1.759038656018674374e-03
-1.770296017639338970e-03
-7.674574153497815132e-04
-9.510619565844535828e-04
-1.363292918540537357e-03
-7.058058981783688068e-04
-1.494548516348004341e-03
-6.756190559826791286e-04
-3.979023313149809837e-04
-9.726092685014009476e-04
-6.964671192690730095e-04
-1.215081661939620972e-03
-6.453235400840640068e-04
-8.441325626336038113e-04
-1.090346253477036953e-03
-9.955096757039427757e-04
-1.484076143242418766e-03
-1.304414123296737671e-03
-1.036445959471166134e-03
-1.043748692609369755e-03
-5.009485757909715176e-04
-8.462612750008702278e-04
-8.320370106957852840e-04
-1.104103517718613148e-03
-5.000189994461834431e-04
-5.732827121391892433e-04
-1.437528175301849842e-03
-1.076845335774123669e-03
-8.193922694772481918e-04
-8.269709651358425617e-04
-5.799854407086968422e-04
-1.104656606912612915e-03
-6.417570984922349453e-04
-7.244533044286072254e-04
-5.964020965620875359e-04
-9.546994697302579880e-04
-9.562419145368039608e-04
-2.354015741730108857e-04
-2.677112352102994919e-04
-8.060216205194592476e-04
-1.512134098447859287e-03
-8.898544474504888058e-04
-7.496328908018767834e-04
-9.370593470521271229e-04
-7.068291306495666504e-04
-8.827046258375048637e-04
-8.225697092711925507e-04
-1.135154976509511471e-03
-1.532866153866052628e-03
-8.683168562129139900e-04
-1.291061984375119209e-03
-1.183944987133145332e-03
-8.952917414717376232e-04
-1.614834531210362911e-03
-1.121270004659891129e-03
-9.792454075068235397e-04
-8.931857300922274590e-04
-3.468450449872761965e-04
-1.109156059101223946e-03
-8.435878553427755833e-04
-1.027135062031447887e-03
-1.413694000802934170e-03
-7.291856454685330391e-04
-9.076986461877822876e-04
-3.876808623317629099e-04
-5.550616187974810600e-04
