-1.540357712656259537e-03
-5.409145160228945315e-05
-1.638642977923154831e-03
-1.769231399521231651e-03
-1.498769386671483517e-03
-1.762593630701303482e-03
-1.553335459902882576e-03
-1.757905818521976471e-03
-1.774482196196913719e-03
-1.620728056877851486e-03
-1.750489696860313416e-03
-1.136127626523375511e-03
-1.563800149597227573e-03
-1.714606303721666336e-03
-1.227227388881146908e-03
-1.098483102396130562e-03
-1.754016382619738579e-03
-1.755787059664726257e-03
-1.095637417165562510e-04
-1.369948848150670528e-03
-1.758846919983625412e-03
-1.760829472914338112e-03
-1.588667742908000946e-03
-1.773983007296919823e-03
-1.619060290977358818e-03
-1.552666188217699528e-03
-5.604807520285248756e-04
-5.921345291426405311e-06
-1.734741963446140289e-03
-1.628536847420036793e-03
-1.595230074599385262e-03
-1.773637253791093826e-03
-1.649940269999206066e-03
-1.728739123791456223e-03
-1.714914571493864059e-03
-1.413898309692740440e-03
-1.746691530570387840e-03
-1.785477274097502232e-03
-1.765110297128558159e-03
-1.795560354366898537e-03
-1.782873412594199181e-03
-9.584875078871846199e-04
-1.075735199265182018e-04
-1.781995873898267746e-03
-1.424964866600930691e-03
-1.790894079022109509e-03
-1.748754410073161125e-03
-1.707999734207987785e-03
-1.746484544128179550e-03
-1.654211431741714478e-03
-1.683288137428462505e-03
-1.727086259052157402e-03
-1.790512818843126297e-03
-1.513256342150270939e-03
-1.736320322379469872e-03
-1.778668491169810295e-03
-1.348009682260453701e-03
-1.321718809776939452e-05
-1.627883175387978554e-03
-1.573361107148230076e-03
-1.721950946375727654e-03
-1.805690815672278404e-03
-1.758974744006991386e-03
-1.770247938111424446e-03
-7.953374879434704781e-04
-9.077633148990571499e-04
-1.011372893117368221e-03
-7.997893844731152058e-04
-1.129210111685097218e-03
-7.098724017851054668e-04
-6.112460396252572536e-04
-9.096231660805642605e-04
-9.683238458819687366e-04
-3.289111191406846046e-04
-3.502366889733821154e-04
-1.178173581138253212e-03
-4.772367828991264105e-04
-6.496536079794168472e-04
-7.426004740409553051e-04
-4.932283773086965084e-04
-9.878217242658138275e-04
-5.644590710289776325e-04
-1.138367573730647564e-03
-7.251322385855019093e-04
3.223877502023242414e-05
-1.112307072617113590e-03
-9.719226509332656860e-04
-1.054729218594729900e-03
-1.042702584527432919e-03
-8.193855173885822296e-04
-8.226468344219028950e-04
-5.962888826616108418e-04
-1.048800331773236394e-04
-7.822260376997292042e-04
-8.519224938936531544e-04
-7.043680525384843349e-04
-1.266206731088459492e-03
-4.036085156258195639e-04
-8.194373222067952156e-04
-7.446586387231945992e-04
-9.898367570713162422e-04
-9.775971993803977966e-04
-1.243937178514897823e-03
-6.099824095144867897e-04
-4.187370941508561373e-04
-6.476130802184343338e-04
-4.140876990277320147e-04
-9.801718406379222870e-04
-8.657757425680756569e-04
-8.913826895877718925e-04
-9.541672188788652420e-04
-1.199035090394318104e-03
-5.025007994845509529e-04
-1.208250294439494610e-03
-5.914580542594194412e-04
-1.391354366205632687e-03
-1.056389999575912952e-03
-8.429290028288960457e-04
-1.208399888128042221e-03
-7.549180882051587105e-04
-1.271770219318568707e-03
-8.472134359180927277e-04
-9.440059657208621502e-04
-1.096955966204404831e-03
-1.258920528925955296e-03
-9.767037117853760719e-04
-1.360857626423239708e-03
-1.180587918497622013e-03
