2.062325598672032356e-03
5.355642177164554596e-03
7.465301896445453167e-04
6.228857673704624176e-04
9.876458207145333290e-04
-2.815695188473910093e-04
-3.502645296975970268e-03
1.043726573698222637e-03
-2.942714199889451265e-04
7.265873253345489502e-03
5.508721806108951569e-03
2.762719988822937012e-03
-3.447463270276784897e-03
6.168885156512260437e-04
2.480226976331323385e-04
-5.597198847681283951e-03
1.953722094185650349e-04
3.712871577590703964e-03
-7.238243706524372101e-04
6.802150164730846882e-04
1.072680810466408730e-03
-9.753908962011337280e-04
1.214735239045694470e-04
6.797506939619779587e-03
4.042310640215873718e-03
-3.032363019883632660e-04
-4.302287008613348007e-03
1.928644633153453469e-04
3.443524765316396952e-04
4.146002233028411865e-03
-9.202893124893307686e-04
3.666386473923921585e-04
-6.175573915243148804e-03
2.035371959209442139e-03
1.465200330130755901e-03
-3.837016178295016289e-03
-3.240577410906553268e-03
7.329861633479595184e-03
-2.878053637687116861e-04
7.755374535918235779e-03
5.571023793891072273e-04
-2.286602102685719728e-04
2.959995064884424210e-03
4.039699269924312830e-04
5.783780943602323532e-03
1.011570799164474010e-03
1.133491168729960918e-03
2.493399952072650194e-04
-1.699182612355798483e-04
1.097924076020717621e-03
1.004614867269992828e-03
9.768160089151933789e-05
3.552774433046579361e-04
-3.743786830455064774e-03
1.438369508832693100e-03
1.277675735764205456e-03
-4.484225064516067505e-03
2.108044456690549850e-03
3.026222984772175550e-04
8.005216950550675392e-04
1.753899705363437533e-04
9.148778044618666172e-04
-5.142133217304944992e-03
3.619386989157646894e-04
8.870282210409641266e-03
7.093604654073715210e-03
-8.422916755080223083e-03
8.540853857994079590e-03
8.818362839519977570e-03
9.135033003985881805e-03
9.152546525001525879e-03
8.700563572347164154e-03
8.678377605974674225e-03
9.276787750422954559e-03
8.848964236676692963e-03
8.654390461742877960e-03
9.057044982910156250e-03
9.064964018762111664e-03
9.625558741390705109e-03
8.991037495434284210e-03
9.061781689524650574e-03
9.058343246579170227e-03
8.389451541006565094e-03
8.270872756838798523e-03
9.089240804314613342e-03
8.595680817961692810e-03
8.626124821603298187e-03
8.468880318105220795e-03
8.816540241241455078e-03
8.967366069555282593e-03
7.453629281371831894e-03
1.026250422000885010e-02
8.962554857134819031e-03
7.440031506121158600e-03
7.827341556549072266e-03
8.048560470342636108e-03
8.954870514571666718e-03
8.966910652816295624e-03
7.973944768309593201e-03
-8.939655497670173645e-03
9.393123909831047058e-03
9.329371154308319092e-03
8.979520760476589203e-03
8.289432153105735779e-03
8.828099817037582397e-03
7.220358122140169144e-03
9.281842038035392761e-03
9.153850376605987549e-03
8.277175948023796082e-03
9.211704134941101074e-03
8.802576921880245209e-03
9.060673415660858154e-03
8.468903601169586182e-03
8.478710427880287170e-03
8.669965900480747223e-03
8.497922681272029877e-03
8.627918548882007599e-03
6.974693387746810913e-03
9.683246724307537079e-03
8.950047194957733154e-03
8.467109873890876770e-03
8.506474085152149200e-03
8.922483772039413452e-03
-7.341753691434860229e-03
8.913247846066951752e-03
9.537106379866600037e-03
8.907227776944637299e-03
-9.622806683182716370e-03
