4.139051437377929688e-01
2.531770169734954834e-01
-3.687937976792454720e-03
-5.725987255573272705e-03
-6.189696118235588074e-02
4.292862117290496826e-02
3.082174360752105713e-01
1.372800618410110474e-01
1.108057498931884766e-01
-1.591787440702319145e-03
8.902747929096221924e-02
2.125098183751106262e-02
1.864918321371078491e-01
-1.050542816519737244e-01
2.469127625226974487e-01
4.905682504177093506e-01
3.252062797546386719e-01
8.662188053131103516e-02
9.595953673124313354e-02
4.436584711074829102e-01
1.089893057942390442e-01
-2.210328578948974609e-01
7.694914937019348145e-02
4.045203924179077148e-01
2.030890136957168579e-01
2.099288627505302429e-03
4.044861495494842529e-01
-2.228086069226264954e-02
2.955227196216583252e-01
2.651635706424713135e-01
2.569724917411804199e-01
-7.342225313186645508e-02
1.226072311401367188e-01
1.313198804855346680e-01
7.285811938345432281e-03
1.335069835186004639e-01
3.827136158943176270e-01
3.331334590911865234e-01
7.830662280321121216e-02
2.621156349778175354e-02
1.477768830955028534e-02
1.035773232579231262e-01
2.063764818012714386e-02
1.629115641117095947e-01
2.466418407857418060e-02
1.585225462913513184e-01
-6.708043813705444336e-02
3.653286099433898926e-01
1.717039793729782104e-01
2.152491509914398193e-01
-2.775608096271753311e-03
2.643616199493408203e-01
6.418225169181823730e-02
4.093183875083923340e-01
2.734563350677490234e-01
3.474366366863250732e-01
2.541987001895904541e-01
2.267763763666152954e-01
-3.276022523641586304e-02
1.488773245364427567e-02
6.904827803373336792e-02
2.045644074678421021e-01
8.883337676525115967e-02
1.992380023002624512e-01
3.372699022293090820e-01
1.697133034467697144e-01
3.361549079418182373e-01
1.581927686929702759e-01
1.770168989896774292e-01
1.768958419561386108e-01
1.095197200775146484e-01
3.477884232997894287e-01
1.770023107528686523e-01
2.407774478197097778e-01
3.454395830631256104e-01
2.697592377662658691e-01
-1.784315258264541626e-01
1.592277735471725464e-01
2.092425823211669922e-01
-1.045146957039833069e-01
2.795447707176208496e-01
2.645676732063293457e-01
1.075700297951698303e-01
1.846403926610946655e-01
-7.108249515295028687e-02
2.156043201684951782e-01
3.641800582408905029e-01
2.692230045795440674e-01
5.340157821774482727e-02
-7.725040614604949951e-02
4.381982386112213135e-01
2.406456023454666138e-01
1.636381149291992188e-01
1.867837160825729370e-01
2.930380403995513916e-01
2.126537561416625977e-01
1.229024380445480347e-01
3.124643862247467041e-01
-4.118373990058898926e-02
2.214806228876113892e-01
2.290458828210830688e-01
1.259031742811203003e-01
4.544140398502349854e-01
-5.470893345773220062e-03
6.690371036529541016e-02
1.954701989889144897e-01
8.663274347782135010e-02
3.059273958206176758e-01
2.272772789001464844e-01
1.990475207567214966e-01
3.974811136722564697e-01
-1.413121074438095093e-02
3.592006564140319824e-01
1.944705396890640259e-01
4.134775698184967041e-02
-3.451576083898544312e-02
2.158413827419281006e-01
-2.371173352003097534e-02
6.964223086833953857e-02
-1.436989456415176392e-01
2.044111788272857666e-01
4.232928752899169922e-01
3.361153006553649902e-01
-5.096511915326118469e-02
3.424429893493652344e-01
5.732117965817451477e-02
-1.705411076545715332e-01
1.995535343885421753e-01
