9.200893342494964600e-02
7.288915663957595825e-02
2.889051735401153564e-01
2.766925096511840820e-01
1.333322227001190186e-01
-3.784916922450065613e-02
3.767878282815217972e-03
-2.321989387273788452e-01
2.350935339927673340e-01
1.155105754733085632e-01
1.789102107286453247e-01
-3.370065614581108093e-02
2.342396080493927002e-01
3.724435344338417053e-02
1.553049683570861816e-01
-9.624946117401123047e-02
1.712014228105545044e-01
1.246462538838386536e-01
1.890154778957366943e-01
-2.131702452898025513e-01
-9.759423322975635529e-03
9.966605901718139648e-02
-1.672924906015396118e-01
1.992875188589096069e-01
1.201488152146339417e-01
1.753661409020423889e-02
-2.519173324108123779e-01
1.337230056524276733e-01
1.769776940345764160e-01
1.913622617721557617e-01
1.475123614072799683e-01
8.513288199901580811e-02
1.847936958074569702e-01
1.296630799770355225e-01
4.265974760055541992e-01
-5.184841156005859375e-02
1.233517602086067200e-01
-6.910831481218338013e-02
3.494767844676971436e-02
-1.300659179687500000e-01
1.219658479094505310e-01
1.843210123479366302e-02
1.852310001850128174e-01
-1.573309600353240967e-01
6.044410169124603271e-03
9.101929515600204468e-02
1.900697201490402222e-01
2.051751874387264252e-02
2.492242306470870972e-01
-5.571668967604637146e-02
-2.833876907825469971e-01
1.328651513904333115e-02
1.852774024009704590e-01
-2.546296454966068268e-02
-5.925685912370681763e-02
-2.757331728935241699e-01
2.522685229778289795e-01
2.079716175794601440e-01
-1.296150982379913330e-01
-1.802579499781131744e-02
1.196033209562301636e-01
3.591491281986236572e-02
6.744416058063507080e-02
1.401002109050750732e-01
-1.638214737176895142e-01
-5.518519878387451172e-02
1.230871230363845825e-01
-1.221641227602958679e-01
1.604796648025512695e-01
4.079335033893585205e-01
-6.337606906890869141e-02
1.570871919393539429e-01
3.781522810459136963e-01
9.564583003520965576e-02
1.071549057960510254e-01
3.505464196205139160e-01
9.451378136873245239e-02
2.114160805940628052e-01
1.315291076898574829e-01
1.563825011253356934e-01
8.477475494146347046e-03
2.157444953918457031e-01
7.805956900119781494e-02
2.561470568180084229e-01
3.679509833455085754e-02
1.322060674428939819e-01
-9.561530500650405884e-02
-3.661442175507545471e-02
-6.860073655843734741e-02
-1.767125427722930908e-01
2.077906578779220581e-01
-5.352463945746421814e-02
1.470386534929275513e-01
3.440612554550170898e-01
9.200479835271835327e-02
2.778971381485462189e-02
7.570995390415191650e-02
1.260934770107269287e-01
2.347734421491622925e-01
3.537952303886413574e-01
2.497306168079376221e-01
2.955901026725769043e-01
1.567619889974594116e-01
2.345317751169204712e-01
8.059330284595489502e-02
3.460202217102050781e-01
-3.634105203673243523e-03
2.228642851114273071e-01
1.763728559017181396e-01
2.731747627258300781e-01
2.457704842090606689e-01
2.327634692192077637e-01
-8.297812193632125854e-02
2.503175139427185059e-01
-3.116155276075005531e-03
6.389755010604858398e-02
1.077435612678527832e-01
3.205079212784767151e-02
2.687257230281829834e-01
-5.747284367680549622e-02
2.540020644664764404e-01
2.442741692066192627e-01
-1.862011849880218506e-01
2.215262949466705322e-01
6.219084933400154114e-02
9.398204088211059570e-02
2.262175530195236206e-01
6.176288239657878876e-03
1.597801297903060913e-01
3.439595103263854980e-01
3.479937016963958740e-01
6.730721145868301392e-02
2.896300852298736572e-01
-7.352645695209503174e-02
-1.464689075946807861e-01
1.692515164613723755e-01
3.859970569610595703e-01
8.325590193271636963e-02
1.750087738037109375e-01
3.264511749148368835e-02
2.425676286220550537e-01
2.402514070272445679e-01
1.862027645111083984e-01
4.609514772891998291e-02
5.961332470178604126e-02
2.928272122517228127e-03
3.761360049247741699e-01
4.011794552206993103e-02
2.171670645475387573e-01
1.458269357681274414e-01
2.296496927738189697e-01
1.087272316217422485e-01
-3.046251460909843445e-02
2.790921740233898163e-02
2.001887261867523193e-01
-1.161468308418989182e-02
-6.999830901622772217e-02
2.676698267459869385e-01
2.134560197591781616e-01
-1.069569811224937439e-01
-1.805343292653560638e-02
1.758997738361358643e-01
2.177639305591583252e-01
4.428663849830627441e-02
2.494986057281494141e-01
8.084492385387420654e-02
-3.915817290544509888e-02
1.436820179224014282e-01
3.901869058609008789e-01
2.123854458332061768e-01
2.498596012592315674e-01
7.764972746372222900e-02
-1.016748845577239990e-01
2.578941881656646729e-01
2.481955140829086304e-01
5.967320874333381653e-02
8.851264603435993195e-03
7.025561481714248657e-02
1.994540542364120483e-01
1.228123251348733902e-02
1.818814724683761597e-01
-1.010181754827499390e-01
2.501610815525054932e-01
4.397128224372863770e-01
2.797541916370391846e-01
5.489084720611572266e-01
3.941039741039276123e-01
-3.143231868743896484e-01
2.279996573925018311e-01
1.899476498365402222e-01
1.067952439188957214e-01
-8.942759037017822266e-02
1.109195724129676819e-01
4.531846046447753906e-01
4.479069635272026062e-02
3.685203194618225098e-02
3.025296926498413086e-01
-6.007392704486846924e-02
1.803711354732513428e-01
8.605292439460754395e-02
2.851524353027343750e-01
3.191208541393280029e-01
-7.821450382471084595e-02
4.856041073799133301e-02
1.030717119574546814e-01
1.963315606117248535e-01
1.949961781501770020e-01
2.893805503845214844e-01
-5.260614212602376938e-03
-1.475224196910858154e-01
9.800266474485397339e-02
2.383477240800857544e-01
3.353014290332794189e-01
3.166804835200309753e-02
2.339674085378646851e-01
-1.345244795083999634e-01
2.042919099330902100e-01
2.553324699401855469e-01
2.521643340587615967e-01
2.113912403583526611e-01
-2.217584550380706787e-01
2.042792737483978271e-01
2.490066736936569214e-01
1.344012171030044556e-01
2.799523174762725830e-01
2.139817923307418823e-01
3.623974695801734924e-02
1.516283303499221802e-01
2.880827188491821289e-01
1.242403388023376465e-01
3.421068787574768066e-01
9.803932160139083862e-02
1.755706369876861572e-01
2.708070874214172363e-01
2.181881368160247803e-01
-1.666740886867046356e-02
4.483324883040040731e-04
1.994014746742323041e-04
-8.499365299940109253e-03
1.705802418291568756e-02
7.015965133905410767e-02
1.564556956291198730e-01
1.632548719644546509e-01
1.409511715173721313e-01
2.329303473234176636e-01
1.465166062116622925e-01
3.181014955043792725e-02
2.202418260276317596e-02
2.550183534622192383e-01
9.608551114797592163e-02
4.420422017574310303e-02
-3.395479172468185425e-02
1.267849653959274292e-01
-1.260866224765777588e-01
1.664813458919525146e-01
2.445372194051742554e-01
1.598566621541976929e-01
-4.654746502637863159e-02
-2.103735953569412231e-01
8.771903067827224731e-02
3.823061287403106689e-02
-1.344339996576309204e-01
3.107333481311798096e-01
2.772710919380187988e-01
4.654075205326080322e-02
2.953176200389862061e-01
2.982994616031646729e-01
-1.053968630731105804e-02
3.883744180202484131e-01
2.343711704015731812e-01
3.191395998001098633e-01
-5.889645591378211975e-02
-3.733041137456893921e-02
-2.495790645480155945e-02
2.622010707855224609e-01
3.537503480911254883e-01
3.257998824119567871e-01
-2.673453092575073242e-02
4.295663237571716309e-01
4.103318601846694946e-02
2.273278683423995972e-01
1.487585008144378662e-01
1.551892012357711792e-01
1.088764816522598267e-01
7.760835438966751099e-02
-5.795012041926383972e-02
-5.424449592828750610e-02
3.497645854949951172e-01
1.949279457330703735e-01
3.044070303440093994e-01
2.567932605743408203e-01
2.664198875427246094e-01
2.612175047397613525e-01
2.010032534599304199e-01
1.193110197782516479e-01
4.441314842551946640e-03
4.644168913364410400e-02
3.376002609729766846e-01
1.333990246057510376e-01
1.820453256368637085e-01
9.032585471868515015e-02
2.138933539390563965e-01
1.022559031844139099e-01
-1.466849911957979202e-02
1.816542744636535645e-01
1.557661294937133789e-01
2.520571053028106689e-01
8.171057701110839844e-02
7.959966361522674561e-02
4.490170255303382874e-02
1.889066845178604126e-01
1.504345387220382690e-01
7.872245460748672485e-02
3.908604383468627930e-01
1.581019461154937744e-01
2.616065740585327148e-01
3.906906768679618835e-02
2.473029047250747681e-01
2.506293058395385742e-01
1.411051899194717407e-01
2.156518399715423584e-02
5.659623444080352783e-02
1.281919330358505249e-01
2.038339376449584961e-01
3.270036876201629639e-01
9.764231741428375244e-02
2.578173875808715820e-01
-1.374643296003341675e-01
2.040528692305088043e-02
1.409528702497482300e-01
1.256741732358932495e-01
2.147965580224990845e-01
4.971706569194793701e-01
2.115391045808792114e-01
1.802057921886444092e-01
-4.820642992854118347e-02
3.692784905433654785e-02
1.838524043560028076e-01
4.884046912193298340e-01
1.273488253355026245e-01
1.309257373213768005e-02
3.903424367308616638e-02
6.502618081867694855e-03
1.653366237878799438e-01
-1.532941162586212158e-01
1.568256765604019165e-01
2.007313817739486694e-01
3.306652009487152100e-01
8.570055663585662842e-02
1.402052640914916992e-01
1.957297474145889282e-01
-4.217652603983879089e-02
-7.724249362945556641e-02
-1.467343270778656006e-01
5.278385803103446960e-02
1.697073578834533691e-01
4.072085022926330566e-01
1.708925142884254456e-02
1.500750482082366943e-01
1.276205182075500488e-01
1.545835286378860474e-01
-1.368301808834075928e-01
1.737053245306015015e-01
2.414092719554901123e-01
4.303553402423858643e-01
1.217717602849006653e-01
4.387777149677276611e-01
3.259408175945281982e-01
2.256009727716445923e-01
2.552629113197326660e-01
2.939348518848419189e-01
7.499855011701583862e-02
3.007815778255462646e-01
-4.150178283452987671e-02
1.025187671184539795e-01
-5.789519846439361572e-02
-2.685678377747535706e-02
1.850739866495132446e-01
2.854046821594238281e-01
-8.937574923038482666e-02
2.107128649950027466e-01
3.101577758789062500e-01
3.355285525321960449e-01
2.934396564960479736e-01
1.790884733200073242e-01
2.162613272666931152e-01
1.978042423725128174e-01
3.234479427337646484e-01
2.761229872703552246e-01
2.463046163320541382e-01
1.821001023054122925e-01
2.403344959020614624e-01
1.369662880897521973e-01
1.577284038066864014e-01
1.617643237113952637e-01
2.705432474613189697e-01
3.253510296344757080e-01
3.386725187301635742e-01
3.419247269630432129e-01
2.829877734184265137e-01
3.161472976207733154e-01
2.274949699640274048e-01
1.047839596867561340e-01
2.372944355010986328e-01
8.567576110363006592e-02
1.251053512096405029e-01
2.615015208721160889e-01
4.308824539184570312e-01
1.934591680765151978e-01
4.250899255275726318e-01
2.803669571876525879e-01
2.313117682933807373e-01
3.457668125629425049e-01
-1.370061933994293213e-01
-2.380296401679515839e-02
8.832524716854095459e-02
9.269233793020248413e-02
2.679041326045989990e-01
2.597357034683227539e-01
6.673955172300338745e-02
3.484534323215484619e-01
2.320409268140792847e-01
1.904167830944061279e-01
2.387606501579284668e-01
4.122675657272338867e-01
4.823141992092132568e-01
2.073898911476135254e-01
2.394719608128070831e-02
-7.678230106830596924e-02
3.103585243225097656e-01
4.428361654281616211e-01
1.758011877536773682e-01
1.181591004133224487e-01
1.437302082777023315e-01
5.503922700881958008e-02
3.724670410156250000e-01
4.915747046470642090e-01
1.350664943456649780e-01
3.429714590311050415e-02
2.586907744407653809e-01
9.287892282009124756e-02
9.833478182554244995e-02
2.834069132804870605e-01
3.460639715194702148e-01
1.252084076404571533e-01
-1.330803614109754562e-02
2.557983100414276123e-01
4.532890915870666504e-01
1.819372735917568207e-02
1.578833162784576416e-01
1.892081052064895630e-01
1.556700021028518677e-01
1.991813927888870239e-01
2.666946947574615479e-01
6.968674063682556152e-02
2.289285063743591309e-01
1.068792492151260376e-01
1.643256545066833496e-01
3.718883991241455078e-01
2.425681613385677338e-02
2.857366949319839478e-02
6.521978229284286499e-02
2.110843211412429810e-01
2.064545154571533203e-01
2.682985365390777588e-01
2.330281585454940796e-01
9.878814965486526489e-02
3.064685165882110596e-01
-7.596825715154409409e-03
3.685879707336425781e-01
2.704596221446990967e-01
1.488646864891052246e-01
2.510954141616821289e-01
1.643411964178085327e-01
3.134126961231231689e-01
2.243964672088623047e-01
-1.117526739835739136e-01
1.248298659920692444e-01
-5.614873021841049194e-02
5.176676437258720398e-02
2.479805499315261841e-01
5.105221271514892578e-01
2.147770226001739502e-01
6.358275562524795532e-02
2.082329839468002319e-01
4.101314544677734375e-01
2.312529534101486206e-01
9.104439988732337952e-03
4.401752725243568420e-02
-1.098306253552436829e-01
2.685341536998748779e-01
3.140703216195106506e-02
1.686094552278518677e-01
-6.254511326551437378e-02
-1.306073963642120361e-01
-5.687779933214187622e-02
4.442800879478454590e-01
-6.707498431205749512e-02
1.326539963483810425e-01
5.491396412253379822e-02
1.657675802707672119e-01
-1.142466738820075989e-01
7.372337579727172852e-02
3.722789883613586426e-01
1.630678325891494751e-01
2.549942135810852051e-01
1.155075579881668091e-01
2.708018124103546143e-01
4.133033007383346558e-02
3.321360051631927490e-01
2.148492038249969482e-01
8.225695788860321045e-02
3.537194430828094482e-02
4.267103970050811768e-01
3.202465474605560303e-01
3.002933859825134277e-01
6.138222292065620422e-03
-2.025154419243335724e-02
-4.178307205438613892e-02
1.990092098712921143e-01
2.059375792741775513e-01
6.752781569957733154e-02
1.279468238353729248e-01
9.415975958108901978e-02
1.258898228406906128e-01
1.874248981475830078e-01
1.949637383222579956e-02
3.382881283760070801e-01
1.377092599868774414e-01
3.401697874069213867e-01
2.520416080951690674e-01
6.181891635060310364e-02
-1.608925610780715942e-01
2.759395726025104523e-02
3.332304954528808594e-01
-1.293574366718530655e-02
1.677018404006958008e-01
2.308080941438674927e-01
1.373692601919174194e-01
6.234738603234291077e-02
1.801918298006057739e-01
3.079205751419067383e-01
4.767321422696113586e-02
2.126870304346084595e-01
1.076450645923614502e-01
1.144890859723091125e-01
-8.449583500623703003e-02
5.110840499401092529e-02
1.522734612226486206e-01
2.140903146937489510e-03
3.580420315265655518e-01
2.678911685943603516e-01
9.879486262798309326e-02
3.215186297893524170e-01
2.075577229261398315e-01
-1.213645040988922119e-01
1.962067335844039917e-01
2.385739684104919434e-01
2.382986247539520264e-01
2.732595205307006836e-01
6.143109127879142761e-02
1.681677997112274170e-01
7.756234705448150635e-02
3.155833184719085693e-01
2.228180021047592163e-01
1.370315998792648315e-01
1.888741701841354370e-01
1.658643484115600586e-01
2.133491076529026031e-02
1.979760229587554932e-01
1.546210199594497681e-01
9.319898486137390137e-02
8.664346486330032349e-02
1.880945861339569092e-01
1.615501567721366882e-02
9.302771091461181641e-02
-5.347505677491426468e-03
4.451386630535125732e-02
2.366946637630462646e-01
3.640018776059150696e-02
3.072584867477416992e-01
2.488761395215988159e-01
1.109106466174125671e-01
4.093118906021118164e-01
8.036425709724426270e-02
1.595548987388610840e-01
2.514963746070861816e-01
1.854128539562225342e-01
-7.633104175329208374e-02
3.056245744228363037e-01
1.834884472191333771e-02
-1.291591227054595947e-01
4.201987683773040771e-01
2.937288284301757812e-01
3.108634054660797119e-01
1.404751241207122803e-01
1.137091428972780704e-03
2.862381637096405029e-01
3.549323379993438721e-01
2.766975760459899902e-01
1.725654602050781250e-01
1.240974366664886475e-01
2.296772003173828125e-01
1.415525823831558228e-01
2.215172648429870605e-01
1.226087659597396851e-02
3.258300125598907471e-01
4.572603702545166016e-01
2.578884661197662354e-01
9.369860589504241943e-02
-3.964828699827194214e-02
4.110386967658996582e-01
3.797571361064910889e-01
3.555122315883636475e-01
2.099295705556869507e-01
3.031957745552062988e-01
3.309892714023590088e-01
4.035605788230895996e-01
3.229815661907196045e-01
2.089838236570358276e-01
1.890929341316223145e-01
1.931699961423873901e-01
2.196246683597564697e-01
1.830746084451675415e-01
-5.939864367246627808e-02
3.474940732121467590e-02
3.863340914249420166e-01
1.861864030361175537e-01
3.517250120639801025e-01
1.374912708997726440e-01
1.339835226535797119e-01
3.084612786769866943e-01
4.324693977832794189e-01
3.797925636172294617e-02
3.483208715915679932e-01
3.728902339935302734e-01
2.396777272224426270e-01
2.749705612659454346e-01
2.537350058555603027e-01
2.968617379665374756e-01
2.059386521577835083e-01
-3.929642215371131897e-02
2.905339300632476807e-01
-4.935407266020774841e-02
1.216577813029289246e-01
2.284833639860153198e-01
-7.309202849864959717e-02
4.370189905166625977e-01
2.176262140274047852e-01
1.154656335711479187e-01
3.368054032325744629e-01
4.109134674072265625e-01
7.555593550205230713e-02
1.825439184904098511e-01
3.792009875178337097e-02
1.796987205743789673e-01
-1.313523203134536743e-01
1.432895064353942871e-01
-7.162470370531082153e-02
3.826547265052795410e-01
2.689078152179718018e-01
1.657490879297256470e-01
8.599790930747985840e-02
1.938680559396743774e-01
1.459600478410720825e-01
1.051629409193992615e-01
7.646937668323516846e-02
9.526100009679794312e-02
3.503056466579437256e-01
1.934603899717330933e-01
7.805195450782775879e-02
2.533810399472713470e-02
2.442145347595214844e-01
2.313929200172424316e-01
3.252350687980651855e-01
-1.041968911886215210e-01
-5.969847738742828369e-02
2.880733273923397064e-02
-1.067794673144817352e-02
4.717876389622688293e-02
2.588019073009490967e-01
2.219838798046112061e-01
2.926969230175018311e-01
1.139873713254928589e-01
8.752684295177459717e-02
2.061136513948440552e-01
1.325997412204742432e-01
2.445210814476013184e-01
7.443075999617576599e-03
2.001860737800598145e-01
-1.266009807586669922e-01
-7.727080583572387695e-02
9.718923270702362061e-02
2.389377057552337646e-01
2.306147217750549316e-01
2.061546146869659424e-01
-1.477175951004028320e-01
1.734800785779953003e-01
1.421689540147781372e-01
2.116141319274902344e-01
3.099285066127777100e-01
2.335560023784637451e-01
3.395608067512512207e-01
1.975463330745697021e-01
2.061178237199783325e-01
-4.404255375266075134e-02
1.077343896031379700e-01
3.479404449462890625e-01
2.065196186304092407e-01
4.054667651653289795e-01
2.390648126602172852e-01
1.083314195275306702e-01
8.132685720920562744e-02
3.747021257877349854e-01
2.774345874786376953e-01
3.270170688629150391e-01
-3.215193748474121094e-02
9.489142894744873047e-02
2.816509306430816650e-01
3.247456997632980347e-02
-5.045120790600776672e-02
2.598443329334259033e-01
1.158226951956748962e-01
-1.120850071310997009e-02
4.743881523609161377e-01
1.843757629394531250e-01
1.140268296003341675e-01
1.828360706567764282e-01
-9.676185250282287598e-02
5.121834203600883484e-02
2.703363597393035889e-01
2.045570164918899536e-01
3.083844482898712158e-01
3.406167030334472656e-01
2.012922912836074829e-01
-3.723800554871559143e-02
8.536563813686370850e-02
1.104221045970916748e-01
-1.137811504304409027e-02
1.439497172832489014e-01
2.383068203926086426e-01
1.753380149602890015e-02
-2.227651141583919525e-02
2.640187041833996773e-03
6.474961340427398682e-02
5.711708664894104004e-01
1.862130463123321533e-01
2.722213268280029297e-01
1.598581522703170776e-01
3.593088090419769287e-01
2.724694311618804932e-01
-8.086770772933959961e-02
-1.524891108274459839e-01
3.852632343769073486e-01
1.750233471393585205e-01
-2.233695052564144135e-02
2.603808343410491943e-01
1.254296004772186279e-01
2.632507383823394775e-01
6.844785809516906738e-02
2.525610029697418213e-01
-8.162929117679595947e-02
1.563113182783126831e-01
2.745719850063323975e-01
2.255862653255462646e-01
1.849626749753952026e-02
7.753662765026092529e-02
1.356637477874755859e-01
8.796205371618270874e-02
1.935119032859802246e-01
2.691686153411865234e-01
-5.837217718362808228e-02
-6.020967266522347927e-04
4.018852412700653076e-01
7.046820968389511108e-02
-2.968603074550628662e-01
3.521510064601898193e-01
3.752366304397583008e-01
2.525304630398750305e-02
-5.185819789767265320e-02
1.120247542858123779e-01
6.005040369927883148e-03
4.146592319011688232e-02
4.664432257413864136e-02
1.300632804632186890e-01
4.858952760696411133e-02
2.071948200464248657e-01
3.302847146987915039e-01
2.323317676782608032e-01
-1.431705895811319351e-02
2.890131771564483643e-01
-1.924826763570308685e-02
1.983890384435653687e-01
8.985023200511932373e-02
4.054847955703735352e-01
1.651669666171073914e-02
2.077388018369674683e-02
-6.914357841014862061e-02
2.127876877784729004e-01
2.919184565544128418e-01
3.004135191440582275e-01
9.766404330730438232e-02
1.072537004947662354e-01
3.714841008186340332e-01
4.348445534706115723e-01
5.422493815422058105e-01
2.661991417407989502e-01
4.628741741180419922e-02
3.335178792476654053e-01
8.063974231481552124e-02
1.971671730279922485e-01
1.172637715935707092e-01
7.835094630718231201e-02
2.234949171543121338e-01
8.204650133848190308e-02
2.025314867496490479e-01
1.177270933985710144e-01
-1.005544792860746384e-02
1.335268616676330566e-01
8.753333985805511475e-02
2.063250243663787842e-01
1.506257057189941406e-01
1.544781625270843506e-01
2.217501997947692871e-01
6.752728018909692764e-03
3.607729077339172363e-01
3.272528350353240967e-01
-3.560733795166015625e-02
2.087595127522945404e-02
2.421121895313262939e-01
2.203626930713653564e-01
-1.596614904701709747e-02
2.018257044255733490e-02
2.854134738445281982e-01
1.429180949926376343e-01
-2.936069853603839874e-02
-2.252181619405746460e-02
1.241549178957939148e-01
1.801752597093582153e-01
1.833678632974624634e-01
1.983075141906738281e-01
1.735026538372039795e-01
-1.428641676902770996e-01
6.323167681694030762e-02
-4.980630427598953247e-02
-5.158896092325448990e-03
2.748455703258514404e-01
1.768676042556762695e-01
2.771255075931549072e-01
3.158090412616729736e-01
-9.761951863765716553e-02
2.209385298192501068e-02
1.059271395206451416e-02
1.968863755464553833e-01
-2.875274047255516052e-02
4.237823188304901123e-01
2.231584787368774414e-01
1.391344666481018066e-01
2.646402120590209961e-01
2.169580161571502686e-01
3.314974009990692139e-01
1.370998378843069077e-02
1.040862947702407837e-01
8.763033896684646606e-02
4.948932304978370667e-02
-7.560078054666519165e-02
-5.303688347339630127e-02
1.894481927156448364e-01
9.010095894336700439e-02
5.532623454928398132e-02
3.528759777545928955e-01
1.991315782070159912e-01
-1.365912798792123795e-02
1.735374629497528076e-01
1.124771088361740112e-01
-3.924956545233726501e-02
4.171233177185058594e-01
3.222748041152954102e-01
1.574928872287273407e-02
2.915543913841247559e-01
3.249937891960144043e-01
4.647917747497558594e-01
7.110635936260223389e-02
-1.691758260130882263e-02
-3.809770196676254272e-02
5.031701549887657166e-02
3.513751029968261719e-01
7.601577043533325195e-02
5.516128242015838623e-02
3.823834359645843506e-01
1.820337623357772827e-01
1.109478324651718140e-01
2.165581434965133667e-01
8.904369920492172241e-02
1.575107723474502563e-01
2.041946202516555786e-01
1.625106786377727985e-03
4.603996872901916504e-01
-6.444287300109863281e-02
1.180851012468338013e-01
-1.568861305713653564e-02
-1.837200298905372620e-02
-2.298872917890548706e-01
2.700773179531097412e-01
5.981915816664695740e-02
-1.197528392076492310e-01
6.952491402626037598e-02
2.662676870822906494e-01
3.287155926227569580e-01
1.921897679567337036e-01
-6.538788974285125732e-02
2.052432894706726074e-01
2.955871820449829102e-01
-1.325076222419738770e-01
-1.188353598117828369e-01
1.513803899288177490e-01
1.753251552581787109e-01
2.631789445877075195e-01
3.439156413078308105e-01
2.542466521263122559e-01
1.584723591804504395e-01
4.847477078437805176e-01
-4.688297957181930542e-02
6.360988318920135498e-02
2.015663683414459229e-02
2.663256227970123291e-02
1.903669238090515137e-01
3.600307106971740723e-01
1.652786508202552795e-03
2.462742030620574951e-01
-1.188992038369178772e-01
3.337057232856750488e-01
1.188706085085868835e-01
-2.537516504526138306e-02
-1.176064908504486084e-01
1.636947393417358398e-01
2.868170440196990967e-01
2.456809878349304199e-01
1.722521334886550903e-01
8.574675768613815308e-03
1.892985850572586060e-01
5.111182853579521179e-02
1.154871359467506409e-01
2.289732545614242554e-01
4.083071649074554443e-01
-3.620424866676330566e-02
9.348056465387344360e-02
1.046062484383583069e-01
1.156540885567665100e-01
2.471336126327514648e-01
2.905102670192718506e-01
-6.756081432104110718e-02
3.641605675220489502e-01
2.106211632490158081e-01
1.285804510116577148e-01
2.334710061550140381e-01
9.777752310037612915e-02
2.550792098045349121e-01
1.463093161582946777e-01
2.341884076595306396e-01
-5.810521543025970459e-02
-1.363101135939359665e-02
2.841106057167053223e-01
4.420558735728263855e-02
3.402587398886680603e-02
1.943407952785491943e-01
4.671666920185089111e-01
2.645122408866882324e-01
2.945143356919288635e-02
2.556411623954772949e-01
1.787800490856170654e-01
1.825342923402786255e-01
5.594254937022924423e-03
1.634644865989685059e-01
3.244454562664031982e-01
1.308390051126480103e-01
5.585138201713562012e-01
5.428927019238471985e-03
1.550851613283157349e-01
-1.209407579153776169e-02
-1.196943372488021851e-01
2.615467309951782227e-01
3.034864664077758789e-01
2.363914549350738525e-01
3.569731414318084717e-01
1.761489659547805786e-01
-1.386208236217498779e-01
3.119436278939247131e-02
2.021305114030838013e-01
5.439894273877143860e-02
-5.699800327420234680e-02
-5.768532305955886841e-02
1.707986146211624146e-01
2.097806781530380249e-01
6.985968351364135742e-02
1.770498156547546387e-01
7.959258556365966797e-02
5.709992349147796631e-02
-1.083288341760635376e-01
3.511886298656463623e-01
6.529012322425842285e-02
1.590892300009727478e-02
4.595341533422470093e-02
2.597844004631042480e-01
2.158355563879013062e-01
2.089872062206268311e-01
1.067720502614974976e-01
-6.050185300409793854e-03
1.250248402357101440e-01
-9.201785549521446228e-03
1.473532468080520630e-01
2.393618375062942505e-01
4.276969283819198608e-02
1.391545087099075317e-01
1.564482152462005615e-01
-1.616453528404235840e-01
2.934997081756591797e-01
-1.425002422183752060e-02
1.394006460905075073e-01
3.491787910461425781e-01
-4.641169682145118713e-02
1.843574792146682739e-01
2.602351903915405273e-01
-6.638789921998977661e-02
2.842201888561248779e-01
5.679339170455932617e-02
2.954017817974090576e-01
-1.222227793186903000e-02
-1.877512596547603607e-02
1.513203829526901245e-01
1.987070143222808838e-01
3.012737333774566650e-01
-8.488776534795761108e-02
2.342798858880996704e-01
3.553217351436614990e-01
1.223920285701751709e-01
1.764505356550216675e-01
2.424014359712600708e-01
-6.478454917669296265e-02
2.192470133304595947e-01
2.517811954021453857e-01
8.859883248805999756e-02
1.508752256631851196e-01
8.269373327493667603e-02
2.027657777070999146e-01
-8.585872501134872437e-02
2.945236861705780029e-01
1.066193282604217529e-01
1.522880047559738159e-01
9.600117057561874390e-02
2.474242597818374634e-01
1.238436698913574219e-01
7.247149199247360229e-02
2.299956381320953369e-01
4.788163304328918457e-02
1.182297244668006897e-01
1.237587630748748779e-01
-2.543473429977893829e-02
1.079062968492507935e-01
3.077838122844696045e-01
1.612973362207412720e-01
2.959069311618804932e-01
2.077812552452087402e-01
5.179846286773681641e-02
1.108251735568046570e-01
1.402120888233184814e-01
2.922209501266479492e-01
1.039306446909904480e-01
1.926911473274230957e-01
1.605962216854095459e-01
2.633955180644989014e-01
3.085401654243469238e-01
3.135841190814971924e-01
-2.837663330137729645e-02
5.681363344192504883e-01
1.164599657058715820e-01
3.764652609825134277e-01
8.264493197202682495e-02
3.459627330303192139e-01
-3.063747584819793701e-01
2.371532768011093140e-01
3.515830338001251221e-01
1.895295828580856323e-01
5.447462201118469238e-01
3.573781549930572510e-01
3.803059086203575134e-02
6.564306467771530151e-02
2.795248031616210938e-01
1.300849318504333496e-01
6.323671340942382812e-02
-9.277328848838806152e-02
-5.168758332729339600e-02
3.639487922191619873e-01
9.660150855779647827e-02
1.408426612615585327e-01
3.153017759323120117e-01
1.755709499120712280e-01
3.399499356746673584e-01
1.216606609523296356e-02
4.123514052480459213e-03
-2.416988275945186615e-02
1.691753715276718140e-01
2.599777877330780029e-01
2.125455737113952637e-01
3.648312985897064209e-01
2.450548410415649414e-01
2.449076473712921143e-01
1.692595630884170532e-01
7.416927814483642578e-02
1.664817631244659424e-01
3.831750154495239258e-01
4.023777544498443604e-01
2.967439889907836914e-01
1.550370547920465469e-02
2.041305303573608398e-01
-1.176535859704017639e-01
3.281254470348358154e-01
1.632627248764038086e-01
3.427379764616489410e-03
-5.343851819634437561e-02
3.347391784191131592e-01
2.370204478502273560e-01
-9.793071076273918152e-03
4.476097226142883301e-01
3.712019026279449463e-01
1.442740857601165771e-01
2.319134175777435303e-01
2.926868498325347900e-01
3.279364705085754395e-01
3.817161172628402710e-02
1.669233292341232300e-01
2.586843073368072510e-01
3.245444595813751221e-02
1.505806744098663330e-01
3.674031496047973633e-01
2.182608395814895630e-01
1.986964344978332520e-01
-7.324329111725091934e-03
-6.613254547119140625e-02
3.178252577781677246e-01
1.386820971965789795e-01
2.661461532115936279e-01
1.100116521120071411e-01
1.899048089981079102e-01
2.261220943182706833e-03
9.217724949121475220e-02
1.982758045196533203e-01
2.113321274518966675e-01
1.141349300742149353e-01
3.418701142072677612e-02
1.859707981348037720e-01
-6.576879322528839111e-02
1.484122723340988159e-01
1.893953382968902588e-01
8.863750100135803223e-02
2.168484181165695190e-01
2.656343877315521240e-01
1.814684718847274780e-01
3.208787739276885986e-02
2.413913607597351074e-01
2.524907588958740234e-01
3.264126479625701904e-01
2.047358602285385132e-01
5.413743257522583008e-01
3.145081922411918640e-02
-1.267444491386413574e-01
2.550958283245563507e-02
-9.614621847867965698e-02
1.744389235973358154e-01
5.326372757554054260e-02
2.285642176866531372e-01
-2.595755457878112793e-02
4.281606674194335938e-01
2.779612839221954346e-01
-8.560697548091411591e-03
1.054531112313270569e-01
-7.822369039058685303e-02
2.308325171470642090e-01
1.333891749382019043e-01
6.289469450712203979e-02
5.569799616932868958e-02
7.300218194723129272e-02
3.917180597782135010e-01
-1.745404899120330811e-01
1.672711968421936035e-01
3.707432150840759277e-01
1.052916646003723145e-01
2.035796940326690674e-01
-2.215159498155117035e-02
1.845415532588958740e-01
2.457061856985092163e-01
3.321289420127868652e-01
3.055039942264556885e-01
3.887686133384704590e-01
2.041911333799362183e-01
1.107853055000305176e-01
2.795965075492858887e-01
4.254785552620887756e-02
1.368324607610702515e-01
3.164964914321899414e-01
-1.981343887746334076e-02
1.047469079494476318e-01
3.350857794284820557e-01
1.795859932899475098e-01
3.199977576732635498e-01
2.750599086284637451e-01
2.479642182588577271e-01
-9.554433822631835938e-02
2.674014866352081299e-01
-5.052618309855461121e-02
1.898204982280731201e-01
6.086932122707366943e-02
1.325189322233200073e-02
3.704106807708740234e-01
5.311536416411399841e-02
1.145097538828849792e-01
2.295595258474349976e-01
2.893509902060031891e-02
2.302229553461074829e-01
1.768140345811843872e-01
1.178169026970863342e-01
1.940496265888214111e-01
2.920182943344116211e-01
-1.185577660799026489e-01
3.050863742828369141e-01
-5.025192350149154663e-02
2.598627209663391113e-01
9.320074319839477539e-02
-1.458857804536819458e-01
5.121003389358520508e-01
6.028607860207557678e-02
5.164426192641258240e-02
8.717443794012069702e-02
9.066676348447799683e-02
4.632673263549804688e-01
3.550138771533966064e-01
1.992501467466354370e-01
2.470204532146453857e-01
1.957223266363143921e-01
2.139786928892135620e-01
-4.200139641761779785e-02
3.203338682651519775e-01
1.049366816878318787e-01
8.392161875963211060e-02
1.756284683942794800e-01
2.108402997255325317e-01
1.584179550409317017e-01
7.080608606338500977e-02
1.274273991584777832e-01
2.530486881732940674e-01
7.617578376084566116e-03
2.924320697784423828e-01
-3.465950489044189453e-02
2.959213256835937500e-01
-6.332089751958847046e-02
3.368680477142333984e-01
3.284575939178466797e-01
8.447308093309402466e-03
2.032258659601211548e-01
1.638036221265792847e-01
3.617302179336547852e-01
2.898168861865997314e-01
3.866098821163177490e-02
8.577705919742584229e-02
2.836578525602817535e-02
3.528929054737091064e-01
1.272154157049953938e-03
8.686765283346176147e-02
2.777798175811767578e-01
1.371422111988067627e-01
6.781170959584414959e-04
2.745139785110950470e-02
3.344272971153259277e-01
-1.592254340648651123e-01
1.226866021752357483e-01
2.452111393213272095e-01
5.685456469655036926e-02
3.518254160881042480e-01
4.680981393903493881e-03
-1.603461205959320068e-01
-8.206493407487869263e-02
-1.712532900273799896e-02
3.363674879074096680e-02
2.431323528289794922e-01
7.866456871852278709e-04
5.579636432230472565e-03
1.418464183807373047e-01
4.920253753662109375e-01
3.111677765846252441e-01
2.531201541423797607e-01
3.446978330612182617e-02
2.384957522153854370e-01
1.372417211532592773e-01
1.173664554953575134e-01
2.735875546932220459e-02
5.893260240554809570e-02
4.730654358863830566e-01
2.008750587701797485e-01
1.688907295465469360e-01
1.133597865700721741e-01
2.005583196878433228e-01
-1.750146783888339996e-02
1.562512964010238647e-01
3.289471864700317383e-01
6.138918399810791016e-01
9.698909521102905273e-02
1.596622318029403687e-01
5.978168547153472900e-02
1.256606280803680420e-01
2.258534878492355347e-01
1.866467148065567017e-01
3.296572268009185791e-01
3.393113613128662109e-01
2.530619800090789795e-01
-3.158042952418327332e-02
4.904216621071100235e-03
1.336000263690948486e-01
1.015315726399421692e-01
3.314236924052238464e-02
6.445648521184921265e-02
-4.375371709465980530e-02
7.333111017942428589e-02
3.729706406593322754e-01
-4.881606902927160263e-03
2.298191785812377930e-01
3.433904051780700684e-01
-1.865594834089279175e-01
4.522987008094787598e-01
2.365546375513076782e-01
3.379743397235870361e-01
1.882938593626022339e-01
2.338761985301971436e-01
2.068581283092498779e-01
2.054996937513351440e-01
-1.938014104962348938e-02
-4.939702153205871582e-02
1.465279012918472290e-01
-2.301152795553207397e-02
1.950167119503021240e-01
6.935257464647293091e-02
3.944828808307647705e-01
3.498307466506958008e-01
1.156711280345916748e-01
4.128579497337341309e-01
2.456610500812530518e-01
2.124148011207580566e-01
3.327901065349578857e-01
1.103206053376197815e-01
5.254311859607696533e-02
9.465835243463516235e-02
1.884256303310394287e-01
-4.174814373254776001e-02
1.587018817663192749e-01
3.796327859163284302e-02
2.734655141830444336e-01
5.724338069558143616e-02
1.462221704423427582e-02
2.018340080976486206e-01
1.646297127008438110e-01
1.247965693473815918e-01
2.187532633543014526e-01
3.258143067359924316e-01
9.703666903078556061e-03
3.433973491191864014e-01
2.395111694931983948e-02
2.992338836193084717e-01
4.448765516281127930e-01
4.955770075321197510e-02
-5.014139041304588318e-02
1.516550183296203613e-01
2.318002730607986450e-01
2.287654727697372437e-01
2.204258367419242859e-02
5.593967437744140625e-01
9.941999614238739014e-02
-9.191007912158966064e-02
1.586262881755828857e-01
1.252927724272012711e-02
5.434179306030273438e-02
9.445307403802871704e-02
1.008607521653175354e-01
2.336612194776535034e-01
1.461443156003952026e-01
1.726490855216979980e-01
-3.813081979751586914e-02
-3.418250381946563721e-02
4.461413323879241943e-01
1.391550451517105103e-01
3.587596714496612549e-01
1.874869018793106079e-01
4.117861092090606689e-01
1.492130309343338013e-01
4.076327681541442871e-01
1.363524049520492554e-02
9.639382362365722656e-02
-2.599130570888519287e-02
1.207896396517753601e-01
1.931328773498535156e-01
3.643320202827453613e-01
3.500684723258018494e-02
1.920340061187744141e-01
7.872856222093105316e-03
4.710422158241271973e-01
-2.051215618848800659e-02
2.539173960685729980e-01
2.002876698970794678e-01
5.735975573770701885e-04
1.695157438516616821e-01
6.526497006416320801e-02
3.297217488288879395e-01
5.954556539654731750e-02
8.756843209266662598e-02
9.074170142412185669e-02
3.324938416481018066e-01
-1.255540829151868820e-02
1.926648467779159546e-01
3.736898899078369141e-01
1.643417030572891235e-01
2.773004770278930664e-01
3.359028697013854980e-01
1.561895310878753662e-01
3.467921614646911621e-01
-1.354048773646354675e-02
1.201727017760276794e-01
2.333090007305145264e-01
1.038783118128776550e-01
1.100330948829650879e-01
-1.420368906110525131e-02
1.643362641334533691e-01
1.885249465703964233e-01
6.710696499794721603e-03
1.556700617074966431e-01
1.103998944163322449e-01
3.207859396934509277e-01
1.077328324317932129e-01
1.243777647614479065e-01
1.965565681457519531e-01
2.092602699995040894e-01
-7.139247655868530273e-02
1.632650196552276611e-02
9.912789613008499146e-02
2.652679383754730225e-01
1.257523596286773682e-01
2.419005483388900757e-01
1.177402660250663757e-01
2.737788259983062744e-01
-6.543901562690734863e-02
7.157200574874877930e-02
4.214473068714141846e-01
2.473917752504348755e-01
1.044097319245338440e-01
2.843510508537292480e-01
1.009759232401847839e-01
2.043351382017135620e-01
2.663401141762733459e-02
4.034606516361236572e-01
2.823420464992523193e-01
1.837089806795120239e-01
3.058435320854187012e-01
3.141760528087615967e-01
2.890707552433013916e-01
2.665162980556488037e-01
1.947454176843166351e-02
3.125512003898620605e-01
3.214328885078430176e-01
4.475077614188194275e-02
2.445246428251266479e-01
1.629321426153182983e-01
1.452154517173767090e-01
-2.466509304940700531e-02
2.053710520267486572e-01
-1.105258800089359283e-02
2.200530320405960083e-01
6.970898807048797607e-02
2.408567368984222412e-01
-7.990765734575688839e-04
1.673716008663177490e-01
4.955991636961698532e-03
2.453965097665786743e-01
1.164260208606719971e-01
1.822374388575553894e-02
1.025750637054443359e-01
2.751028835773468018e-01
-1.505520343780517578e-01
6.696580350399017334e-02
2.762444019317626953e-01
2.100092321634292603e-01
3.037238419055938721e-01
9.033768624067306519e-02
6.289435178041458130e-02
2.530590295791625977e-01
1.743471920490264893e-01
1.037005409598350525e-01
4.676523432135581970e-02
1.981675624847412109e-01
1.680231541395187378e-01
3.202532529830932617e-01
2.269525527954101562e-01
1.586618423461914062e-01
1.656313538551330566e-01
1.527293175458908081e-01
-3.229774162173271179e-02
2.219556719064712524e-01
-4.729307815432548523e-02
1.043244972825050354e-01
1.541865766048431396e-01
8.114065229892730713e-02
-6.886143982410430908e-02
7.894946634769439697e-02
-1.840402744710445404e-02
-1.156370043754577637e-01
3.174748420715332031e-01
1.989031396806240082e-02
2.862247228622436523e-01
6.447771191596984863e-02
-5.482096970081329346e-02
3.285644054412841797e-01
2.205039709806442261e-01
7.731989026069641113e-02
7.130292057991027832e-02
1.623260825872421265e-01
3.973988294601440430e-01
2.873943150043487549e-01
3.549080789089202881e-01
3.252271115779876709e-01
8.580730110406875610e-02
1.382830440998077393e-01
1.972899585962295532e-01
1.613228768110275269e-01
5.319399386644363403e-02
5.399175360798835754e-02
2.869341075420379639e-01
2.241573482751846313e-01
1.452520936727523804e-01
3.442141711711883545e-01
1.890621930360794067e-01
-4.800835624337196350e-02
2.417272627353668213e-01
7.282081991434097290e-02
3.584696054458618164e-01
3.060775995254516602e-01
3.588223755359649658e-01
2.600933313369750977e-01
6.819798052310943604e-02
1.984960138797760010e-01
1.918543875217437744e-02
1.994811594486236572e-01
1.024421602487564087e-01
3.914279863238334656e-02
1.274393349885940552e-01
3.691544756293296814e-02
1.448560208082199097e-01
2.051333487033843994e-01
2.832159101963043213e-01
9.975823760032653809e-02
-1.723253577947616577e-01
2.452274411916732788e-01
9.643155336380004883e-02
-9.131988883018493652e-02
2.761224508285522461e-01
1.692298986017704010e-02
1.170739382505416870e-01
-1.002209726721048355e-02
6.856707483530044556e-02
2.705090641975402832e-01
-2.390771871432662010e-03
1.458760946989059448e-01
2.001958936452865601e-01
2.483481466770172119e-01
1.529742479324340820e-01
3.229587078094482422e-01
1.429418921470642090e-01
3.894667923450469971e-01
-1.254867464303970337e-01
1.453746110200881958e-01
1.263231486082077026e-01
1.608486920595169067e-01
1.337347924709320068e-01
5.970186740159988403e-02
1.509807258844375610e-01
1.841997355222702026e-01
7.763795554637908936e-02
-8.576622605323791504e-02
1.919888854026794434e-01
1.453724652528762817e-01
2.064049839973449707e-01
-1.730588376522064209e-01
1.520181149244308472e-01
3.654347956180572510e-01
8.716741949319839478e-02
2.726741731166839600e-01
1.284206509590148926e-01
3.663942515850067139e-01
2.612116336822509766e-01
1.765712350606918335e-01
-1.049756780266761780e-01
1.715596020221710205e-01
1.237570866942405701e-01
1.406711488962173462e-01
1.554101705551147461e-01
-1.287834625691175461e-02
4.515360295772552490e-02
1.930877864360809326e-01
2.523779869079589844e-01
2.903655171394348145e-01
-5.775675550103187561e-02
4.067808389663696289e-02
4.695959389209747314e-02
-3.985736519098281860e-02
2.060803920030593872e-01
-2.923432039096951485e-03
1.292675882577896118e-01
2.282317578792572021e-01
3.126577660441398621e-02
1.774597167968750000e-01
2.148317545652389526e-01
-1.644263714551925659e-01
6.117220222949981689e-02
7.860160619020462036e-02
6.291808187961578369e-02
4.213016107678413391e-02
1.061176694929599762e-02
1.404389142990112305e-01
7.760100811719894409e-02
2.285675555467605591e-01
2.149949520826339722e-01
1.698097214102745056e-02
2.189547270536422729e-01
3.251027166843414307e-01
8.637960255146026611e-02
3.472215533256530762e-01
3.970412015914916992e-01
3.473972901701927185e-02
8.053373545408248901e-02
2.272896021604537964e-01
8.605570346117019653e-02
2.534055411815643311e-01
7.275148481130599976e-02
5.841187760233879089e-02
1.000018417835235596e-02
9.173484146595001221e-02
1.191391572356224060e-01
3.031890690326690674e-01
1.819348484277725220e-01
1.028053462505340576e-01
-5.598681047558784485e-02
2.508839070796966553e-01
8.172932267189025879e-02
4.065542221069335938e-01
1.030805706977844238e-01
-1.003878377377986908e-02
5.641604661941528320e-01
6.229834631085395813e-02
1.809342056512832642e-01
5.444839224219322205e-02
2.034396827220916748e-01
2.726446688175201416e-01
1.277222782373428345e-01
5.349621176719665527e-02
2.566872537136077881e-01
2.708411812782287598e-01
5.808278173208236694e-02
9.205567091703414917e-02
2.108658552169799805e-01
2.812705636024475098e-01
-7.226503919810056686e-03
4.815001785755157471e-01
3.670685589313507080e-01
4.218291938304901123e-01
1.313420683145523071e-01
1.770621687173843384e-01
1.422487646341323853e-01
1.472175866365432739e-01
1.766539961099624634e-01
1.893198788166046143e-01
1.242785826325416565e-01
-7.848372310400009155e-02
2.122739702463150024e-01
6.139711290597915649e-02
-4.266401380300521851e-02
3.079949319362640381e-01
2.019560486078262329e-01
1.361646205186843872e-01
2.746706604957580566e-01
6.493835896253585815e-02
1.044977977871894836e-01
2.478054761886596680e-01
2.734959721565246582e-01
1.581193506717681885e-02
3.706941306591033936e-01
1.649365127086639404e-01
3.705125749111175537e-01
-9.777256287634372711e-03
7.263273000717163086e-02
1.110489368438720703e-01
4.815804306417703629e-03
2.780970335006713867e-01
1.034609973430633545e-01
3.243580088019371033e-02
1.471041440963745117e-01
2.744840644299983978e-02
-4.879084229469299316e-02
3.789789974689483643e-02
1.900634169578552246e-02
2.982186377048492432e-01
2.918388843536376953e-01
3.888119459152221680e-01
2.314233183860778809e-01
2.294994592666625977e-01
2.454909682273864746e-01
-9.887265041470527649e-03
2.161807715892791748e-01
2.092230468988418579e-01
4.229212403297424316e-01
-7.392081618309020996e-02
1.570761352777481079e-01
4.181512296199798584e-01
-1.737657189369201660e-01
1.008536107838153839e-02
5.005601420998573303e-02
2.848342619836330414e-02
1.926870793104171753e-01
-2.693781629204750061e-02
4.960164427757263184e-03
-2.137460932135581970e-02
-3.273007273674011230e-02
5.714316964149475098e-01
3.790153861045837402e-01
2.075305283069610596e-01
2.953489124774932861e-01
3.928795084357261658e-02
1.910326033830642700e-01
6.785423308610916138e-02
-1.902878284454345703e-02
1.188971027731895447e-01
1.864460259675979614e-01
1.934293359518051147e-01
-4.623162373900413513e-02
3.747377097606658936e-01
2.265267819166183472e-01
2.312076278030872345e-03
2.927255928516387939e-01
1.635467261075973511e-02
-7.903859950602054596e-03
2.605638206005096436e-01
1.103680208325386047e-01
3.208724409341812134e-02
2.513014674186706543e-01
-4.309913516044616699e-02
2.156970351934432983e-01
2.514464259147644043e-01
6.823609024286270142e-02
6.300059147179126740e-03
3.169398009777069092e-02
-3.831723704934120178e-02
9.466747194528579712e-02
1.786268204450607300e-01
-1.067062392830848694e-01
1.414594501256942749e-01
2.420480549335479736e-01
2.437310963869094849e-01
4.174012243747711182e-01
6.308780610561370850e-02
5.148631334304809570e-01
2.171333646401762962e-03
1.504228711128234863e-01
-1.638040542602539062e-01
3.199605941772460938e-01
3.102040290832519531e-01
1.653241813182830811e-01
2.224157452583312988e-01
1.633694469928741455e-01
1.779209524393081665e-01
2.652826905250549316e-01
2.368885129690170288e-01
3.244668543338775635e-01
-1.375288814306259155e-01
2.840350568294525146e-01
2.335939258337020874e-01
-8.084241300821304321e-02
4.142131507396697998e-01
5.346773564815521240e-02
5.988331511616706848e-02
2.474829405546188354e-01
3.996963798999786377e-01
3.402527272701263428e-01
2.089738398790359497e-01
1.910796202719211578e-02
1.162002086639404297e-01
2.915283441543579102e-01
3.381086587905883789e-01
1.455859392881393433e-01
-1.174506172537803650e-01
5.753264203667640686e-02
8.363167196512222290e-02
3.799531757831573486e-01
1.905976678244769573e-03
2.186240851879119873e-01
3.476317822933197021e-01
6.187206506729125977e-02
3.758834600448608398e-01
1.293504238128662109e-01
2.857673913240432739e-02
1.896961480379104614e-01
6.318000704050064087e-02
2.477704584598541260e-01
2.097604274749755859e-01
-8.425644785165786743e-02
2.289699614048004150e-01
9.243638068437576294e-02
1.271004527807235718e-01
7.506359368562698364e-02
2.207332104444503784e-01
1.229528710246086121e-01
1.450730264186859131e-01
-2.001170963048934937e-01
5.184888839721679688e-02
-2.149983197450637817e-01
4.509587958455085754e-02
1.147102117538452148e-01
2.273461967706680298e-01
-4.193129763007164001e-02
-1.010064501315355301e-02
1.472556740045547485e-01
1.579633355140686035e-01
4.098448455333709717e-01
-1.404848601669073105e-02
5.955845862627029419e-02
4.977430105209350586e-01
1.862835139036178589e-01
-1.035707741975784302e-01
2.631612820550799370e-03
2.782478630542755127e-01
1.512748003005981445e-01
3.250590264797210693e-01
4.250184595584869385e-01
-4.167111963033676147e-02
1.926546692848205566e-01
2.414540946483612061e-01
-4.437854886054992676e-02
4.230404496192932129e-01
4.134346842765808105e-01
-2.779686078429222107e-02
2.086742222309112549e-01
-3.254846930503845215e-01
1.192769259214401245e-01
1.553526669740676880e-01
2.386152893304824829e-01
1.732905358076095581e-01
2.968634068965911865e-01
3.924187123775482178e-01
-4.442150518298149109e-02
3.785616755485534668e-01
8.667194843292236328e-02
1.469176858663558960e-01
1.136652454733848572e-01
4.783616960048675537e-02
1.051595434546470642e-01
1.727340519428253174e-01
9.573104232549667358e-02
1.245719417929649353e-01
4.212620854377746582e-01
1.916218847036361694e-01
1.544009000062942505e-01
1.753808706998825073e-01
-3.679994121193885803e-02
-2.062751948833465576e-01
3.631451725959777832e-01
3.911354020237922668e-02
-6.899184733629226685e-02
3.922645151615142822e-01
2.323841303586959839e-01
1.250886470079421997e-01
1.951050013303756714e-01
-9.138552099466323853e-02
1.808715164661407471e-01
3.043575398623943329e-02
-4.208778589963912964e-02
6.237320229411125183e-02
2.394519001245498657e-02
1.868088692426681519e-01
2.843656390905380249e-02
4.008972272276878357e-02
2.055047452449798584e-01
1.671346426010131836e-01
5.515814945101737976e-02
1.704932153224945068e-01
3.574901074171066284e-02
4.237866997718811035e-01
2.933602035045623779e-01
1.866026520729064941e-01
2.209218293428421021e-01
2.848394215106964111e-01
2.100507318973541260e-01
2.460113018751144409e-01
-2.509583253413438797e-03
2.889133393764495850e-01
-8.213105052709579468e-02
4.200905561447143555e-01
7.300125807523727417e-02
1.326840668916702271e-01
1.390505582094192505e-01
3.055730760097503662e-01
2.638870775699615479e-01
2.763785719871520996e-01
1.419954597949981689e-01
4.771104454994201660e-01
2.249411791563034058e-01
3.859677538275718689e-02
1.237671449780464172e-01
2.720159292221069336e-01
5.520781502127647400e-02
5.013708770275115967e-02
3.713404834270477295e-01
5.729767680168151855e-02
2.377948909997940063e-02
3.289187550544738770e-01
1.816533803939819336e-01
2.666935324668884277e-01
2.493023872375488281e-01
1.095819249749183655e-01
2.519061267375946045e-01
1.974052041769027710e-01
1.651090532541275024e-01
3.381621092557907104e-02
1.876493543386459351e-01
5.389607697725296021e-02
1.026074439287185669e-01
1.448412984609603882e-01
-2.042899723164737225e-04
2.612755075097084045e-02
2.191328555345535278e-01
8.994123339653015137e-02
1.141283735632896423e-01
3.418664634227752686e-01
-5.307136569172143936e-03
2.663509547710418701e-01
5.450483411550521851e-02
4.032596647739410400e-01
1.587075740098953247e-01
3.812706768512725830e-01
1.059874817728996277e-01
3.328823447227478027e-01
1.627736687660217285e-01
8.927077054977416992e-02
9.190724790096282959e-02
8.093517273664474487e-02
3.111088275909423828e-01
3.243628442287445068e-01
9.795550256967544556e-02
1.738800108432769775e-01
-1.629807054996490479e-01
7.949222624301910400e-02
6.158557906746864319e-02
1.280305534601211548e-01
2.737948298454284668e-01
2.886271774768829346e-01
3.344362080097198486e-01
2.650368511676788330e-01
2.480546087026596069e-01
1.893053650856018066e-01
6.021225079894065857e-02
3.037189841270446777e-01
3.407740890979766846e-01
1.359650939702987671e-01
4.178649187088012695e-01
3.367505669593811035e-01
1.421158611774444580e-01
6.990470737218856812e-02
-4.296590760350227356e-02
5.624660849571228027e-02
1.081794649362564087e-01
-1.688323728740215302e-02
6.594567745923995972e-02
4.995977133512496948e-02
2.040486931800842285e-01
8.863971382379531860e-02
4.978829622268676758e-02
1.519380360841751099e-01
2.164088375866413116e-02
1.501106619834899902e-01
2.837867438793182373e-01
-2.820720523595809937e-02
4.931817650794982910e-01
3.167202770709991455e-01
-5.553297325968742371e-02
1.527179330587387085e-01
3.023502826690673828e-01
2.191197723150253296e-01
7.158170640468597412e-02
-1.450544148683547974e-01
-1.772049665451049805e-01
1.517685651779174805e-01
1.164902225136756897e-01
1.962102800607681274e-01
3.477492928504943848e-01
3.688525557518005371e-01
8.669296652078628540e-02
3.259170949459075928e-01
1.289083957672119141e-01
2.170271426439285278e-01
-2.136969240382313728e-03
1.020378842949867249e-01
1.379168927669525146e-01
2.440308928489685059e-01
1.896573156118392944e-01
9.673278778791427612e-02
1.005392521619796753e-01
1.847413033246994019e-01
2.189500778913497925e-01
1.158389002084732056e-01
-1.462855041027069092e-01
-1.022369973361492157e-02
1.214216649532318115e-01
2.433909177780151367e-01
4.948560893535614014e-01
8.274969458580017090e-02
2.539429254829883575e-02
2.983470857143402100e-01
3.771775364875793457e-01
1.688260138034820557e-01
2.726056575775146484e-01
5.290007218718528748e-02
2.328918725252151489e-01
-1.349628120660781860e-01
2.139384448528289795e-01
-1.987127959728240967e-02
2.119366526603698730e-01
2.997552752494812012e-01
2.694556713104248047e-01
1.089159995317459106e-01
-3.836880996823310852e-02
2.678928077220916748e-01
1.099437773227691650e-01
1.457904428243637085e-01
-3.887719660997390747e-02
1.011625379323959351e-01
3.559604883193969727e-01
2.774312719702720642e-02
1.300704777240753174e-01
2.568856179714202881e-01
9.169504046440124512e-02
1.759816259145736694e-01
1.076948121190071106e-01
3.010699748992919922e-01
2.672352194786071777e-01
3.401115536689758301e-01
-7.873474806547164917e-02
1.283145546913146973e-01
1.154068782925605774e-01
2.004599571228027344e-01
3.834310173988342285e-02
2.731925342231988907e-03
1.182319074869155884e-01
9.550683200359344482e-02
1.333359349519014359e-02
3.272266983985900879e-01
2.681663334369659424e-01
3.513510525226593018e-01
1.893084645271301270e-01
1.539884209632873535e-01
6.919254362583160400e-02
1.916880309581756592e-01
5.365930497646331787e-02
3.696724027395248413e-02
3.175479769706726074e-01
3.138746917247772217e-01
2.143240123987197876e-01
6.599887460470199585e-02
3.760548830032348633e-01
1.406723409891128540e-01
