1.288138679228723049e-03
-1.982712885364890099e-03
1.296376227401196957e-03
-2.105059102177619934e-04
1.355520100332796574e-03
-1.355246989987790585e-03
1.263949670828878880e-03
-1.442075008526444435e-04
7.705598836764693260e-04
-9.854263771558180451e-05
-4.564270202536135912e-04
1.389582990668714046e-03
-1.437639730283990502e-04
1.140141510404646397e-03
-1.635454682400450110e-04
1.228164881467819214e-03
-7.152449688874185085e-05
1.218126504682004452e-03
1.161104068160057068e-03
3.978535998612642288e-03
-4.236766253598034382e-04
1.355926273390650749e-03
1.141875982284545898e-03
1.279419404454529285e-03
1.310040126554667950e-03
6.134362774901092052e-04
1.434869016520678997e-03
-1.230422349181026220e-04
-1.530710433144122362e-04
-2.071167982649058104e-04
3.914109547622501850e-04
-2.760498900897800922e-04
1.749943621689453721e-04
1.252616173587739468e-03
-8.321793575305491686e-05
1.239603385329246521e-03
1.301770331338047981e-03
9.161769412457942963e-04
1.716195489279925823e-03
1.324793440289795399e-03
8.770929416641592979e-04
5.393212777562439442e-04
1.300244592130184174e-03
1.355216605588793755e-03
1.166346948593854904e-03
1.316851004958152771e-03
1.360904541797935963e-03
4.256971296854317188e-04
1.266567618586122990e-03
1.281586242839694023e-03
1.237108139321208000e-03
1.385068171657621861e-03
1.295710215345025063e-03
1.246012630872428417e-03
1.277884119190275669e-03
1.447000191546976566e-03
1.282280310988426208e-03
-8.247168443631380796e-05
-6.685085827484726906e-04
1.268420368432998657e-03
6.293410551734268665e-04
1.263472717255353928e-03
1.308715320192277431e-03
3.427236806601285934e-04
6.636396981775760651e-03
7.231122348457574844e-03
5.890409927815198898e-03
7.642410695552825928e-03
-7.305731065571308136e-03
6.865398492664098740e-03
6.788432598114013672e-03
7.390578277409076691e-03
8.504311554133892059e-03
7.986056618392467499e-03
6.621315609663724899e-03
6.572821177542209625e-03
8.061372675001621246e-03
5.703705362975597382e-03
7.318743038922548294e-03
9.440038353204727173e-03
6.023387424647808075e-03
7.591658737510442734e-03
7.800635416060686111e-03
6.682882085442543030e-03
5.916044116020202637e-03
8.901198394596576691e-03
7.995185442268848419e-03
6.758543197065591812e-03
5.889702588319778442e-03
6.576073355972766876e-03
7.297059521079063416e-03
-7.875409908592700958e-03
6.961767096072435379e-03
6.749802269041538239e-03
7.173760794103145599e-03
6.821593735367059708e-03
8.369962684810161591e-03
7.570760324597358704e-03
5.764095112681388855e-03
6.983921863138675690e-03
6.915027275681495667e-03
6.105512846261262894e-03
7.358504459261894226e-03
-6.355902180075645447e-03
7.249872200191020966e-03
6.749452091753482819e-03
6.942103151232004166e-03
6.910921074450016022e-03
5.904800258576869965e-03
6.779721938073635101e-03
5.497209727764129639e-03
7.017259951680898666e-03
7.650782354176044464e-03
6.953513249754905701e-03
6.003237795084714890e-03
5.808923859149217606e-03
6.475865840911865234e-03
6.182128097862005234e-03
7.702973205596208572e-03
6.322367116808891296e-03
6.630866322666406631e-03
8.597206324338912964e-03
8.268057368695735931e-03
8.660712279379367828e-03
-4.965280182659626007e-03
7.401177193969488144e-03
6.443304475396871567e-03
6.069233175367116928e-03
