-6.118030101060867310e-02
-3.076976910233497620e-02
-2.064075320959091187e-02
1.143720000982284546e-01
1.281150877475738525e-01
-4.071639105677604675e-02
-9.902058541774749756e-02
1.266069561243057251e-01
3.068580105900764465e-02
-7.984805107116699219e-02
-8.167170733213424683e-02
-2.122472971677780151e-02
-9.519399702548980713e-02
1.689822413027286530e-03
-1.478306669741868973e-02
4.459734633564949036e-02
9.418959915637969971e-02
5.472174286842346191e-02
4.050983116030693054e-02
-1.822287030518054962e-02
-3.515962138772010803e-02
-1.492817047983407974e-02
2.726096808910369873e-01
1.320296972990036011e-01
8.253499865531921387e-02
4.806238040328025818e-02
4.188700392842292786e-02
1.103233247995376587e-01
1.138944178819656372e-01
-1.462903432548046112e-02
-1.730772480368614197e-02
-4.699559882283210754e-02
1.996917463839054108e-02
-1.931686513125896454e-02
-3.623875975608825684e-02
-5.240187048912048340e-02
-2.025957554578781128e-01
-1.010034084320068359e-01
-4.161402955651283264e-02
-9.222769737243652344e-02
-1.618812046945095062e-02
-4.747577011585235596e-02
-2.519529871642589569e-02
7.691710442304611206e-02
1.171691343188285828e-02
9.143141657114028931e-02
-7.017865311354398727e-03
-5.712537094950675964e-02
3.542412444949150085e-02
1.805878058075904846e-02
-1.164634246379137039e-02
9.851373732089996338e-03
-3.898477181792259216e-02
-2.864400297403335571e-02
2.181794121861457825e-02
1.480821669101715088e-01
-1.331866234540939331e-01
-1.061987318098545074e-02
2.955125411972403526e-03
5.099226534366607666e-02
1.396742612123489380e-01
4.405518993735313416e-03
-2.910168096423149109e-02
1.142567023634910583e-02
2.915731258690357208e-02
-3.755747899413108826e-02
5.021042376756668091e-02
7.197761535644531250e-02
1.511595547199249268e-01
-4.565756395459175110e-02
-1.206265315413475037e-01
5.089050531387329102e-02
1.272698398679494858e-02
-3.364917263388633728e-02
7.845320552587509155e-02
-1.404477655887603760e-01
1.069018244743347168e-01
1.543164066970348358e-02
1.079414412379264832e-01
2.738172747194766998e-02
-9.651724994182586670e-02
3.903368487954139709e-02
2.767640352249145508e-02
1.244711056351661682e-01
-1.794115453958511353e-02
-6.734102033078670502e-03
-1.268787961453199387e-02
8.988810330629348755e-02
-1.771442592144012451e-02
-3.105166368186473846e-02
-1.712257564067840576e-01
4.389721155166625977e-02
-5.802564788609743118e-03
-4.411409422755241394e-02
4.631205275654792786e-02
-5.129463970661163330e-02
-1.068936288356781006e-02
1.172325536608695984e-01
-3.546764329075813293e-02
-1.109984796494245529e-02
7.255241274833679199e-02
8.696402423083782196e-03
4.975253716111183167e-02
9.659195691347122192e-02
7.133154571056365967e-02
2.956646494567394257e-02
1.078122556209564209e-01
4.538337141275405884e-02
4.135309252887964249e-03
-3.719142824411392212e-02
-5.860483646392822266e-02
8.392867632210254669e-03
2.848817408084869385e-02
5.219482257962226868e-02
6.274470686912536621e-02
-3.298013657331466675e-02
-1.677080430090427399e-02
1.859361422248184681e-03
-6.090074032545089722e-02
-1.702043786644935608e-02
-2.774601243436336517e-02
-6.432726513594388962e-03
-3.858685865998268127e-02
1.492327172309160233e-02
-4.240270331501960754e-02
2.669780515134334564e-03
1.233539916574954987e-02
6.440324336290359497e-02
3.533101081848144531e-02
3.035657340660691261e-03
3.966799005866050720e-02
-1.894472539424896240e-02
-1.498653087764978409e-02
-6.839560344815254211e-03
9.218785166740417480e-02
-3.603627532720565796e-02
-7.797056436538696289e-02
2.990522235631942749e-02
-4.368943348526954651e-02
-7.008264074102044106e-04
-1.395699530839920044e-01
6.846359372138977051e-02
-3.868421912193298340e-02
1.052491441369056702e-01
5.597022548317909241e-02
-1.282288581132888794e-01
4.891094565391540527e-02
-1.809055916965007782e-02
-1.743261665105819702e-01
5.337202921509742737e-02
-4.623133689165115356e-03
-1.074357405304908752e-01
7.539039850234985352e-02
-7.560302317142486572e-02
-4.303411766886711121e-02
7.164103537797927856e-02
6.355358660221099854e-02
2.817330509424209595e-02
-9.436318278312683105e-02
8.966962248086929321e-02
1.084792912006378174e-01
3.973172232508659363e-02
-4.302443936467170715e-02
-4.180149361491203308e-02
7.109361886978149414e-02
-1.843170076608657837e-02
-3.345384821295738220e-02
5.174843594431877136e-02
6.441214680671691895e-02
-8.214082568883895874e-02
2.266876772046089172e-02
1.183310709893703461e-02
-8.374014496803283691e-02
5.427085235714912415e-02
9.657172486186027527e-03
-8.856197446584701538e-02
-2.708091400563716888e-02
-8.790885098278522491e-03
-1.410921812057495117e-01
-2.639799751341342926e-02
3.109544515609741211e-02
7.980408146977424622e-03
5.333048850297927856e-02
5.553972348570823669e-02
-1.912392117083072662e-02
8.013582229614257812e-02
8.021017909049987793e-02
-5.016385018825531006e-02
2.996506728231906891e-02
-6.111411377787590027e-02
-5.017076060175895691e-02
-6.010865792632102966e-03
-6.733489036560058594e-02
9.075416624546051025e-02
-2.033021859824657440e-02
-5.576786771416664124e-02
4.195186123251914978e-02
-6.545673310756683350e-02
-1.176624447107315063e-01
5.987872928380966187e-02
-9.733953326940536499e-02
7.945586694404482841e-04
2.314619161188602448e-02
-9.310603886842727661e-02
1.869705691933631897e-02
-3.848572075366973877e-02
-3.993981704115867615e-02
1.850833743810653687e-02
1.080224057659506798e-03
1.090207952074706554e-03
-1.166589111089706421e-01
5.159577727317810059e-02
3.569840267300605774e-02
1.059737503528594971e-01
-1.673082821071147919e-03
-2.011955380439758301e-01
-2.615349367260932922e-02
-2.067760005593299866e-02
9.566091746091842651e-02
6.295809149742126465e-02
9.331198781728744507e-02
-1.083449274301528931e-01
1.941895298659801483e-02
-5.082556605339050293e-02
1.696626888588070869e-03
1.091226264834403992e-01
-3.676648065447807312e-02
-6.088681146502494812e-02
-8.973602205514907837e-02
2.359683625400066376e-02
6.316579878330230713e-02
1.131171211600303650e-01
1.528439857065677643e-02
-3.159480541944503784e-02
-5.674223601818084717e-02
-4.679246619343757629e-02
1.077867229469120502e-03
-7.701401412487030029e-02
-7.051055133342742920e-02
1.164403185248374939e-02
-5.836402997374534607e-02
-2.659439481794834137e-02
6.313754618167877197e-02
-9.469406306743621826e-02
-3.875159844756126404e-02
1.597513444721698761e-02
-6.003290042281150818e-02
-3.571819514036178589e-03
-1.373607069253921509e-01
2.404629439115524292e-02
1.311633884906768799e-01
-9.841550886631011963e-02
-1.292037125676870346e-02
6.089601665735244751e-02
1.045989245176315308e-01
-2.617847733199596405e-02
-9.193399548530578613e-02
-1.260810196399688721e-01
1.306597739458084106e-01
-4.667580127716064453e-02
5.874869227409362793e-02
-4.746360331773757935e-02
-1.190183833241462708e-01
5.569777637720108032e-02
-3.719053789973258972e-02
-1.220754832029342651e-01
-1.181937605142593384e-01
1.067618504166603088e-01
7.585580926388502121e-03
-3.661982342600822449e-02
2.725622057914733887e-02
8.337862044572830200e-02
4.047434404492378235e-02
5.240414664149284363e-02
-8.269730955362319946e-02
-1.977852173149585724e-02
9.394325315952301025e-03
-1.780440360307693481e-01
-2.223222106695175171e-01
4.793493077158927917e-02
-6.547502428293228149e-02
4.757902771234512329e-02
-4.550997912883758545e-02
3.214154019951820374e-02
-5.525804124772548676e-03
-2.243326231837272644e-02
1.177416592836380005e-01
-2.691314928233623505e-02
-5.905041471123695374e-02
-7.784911990165710449e-02
3.435234725475311279e-02
1.465176045894622803e-02
-3.422849252820014954e-02
-7.510548457503318787e-03
-8.461657166481018066e-02
4.754005372524261475e-02
9.592010080814361572e-02
-1.413966119289398193e-01
7.988645881414413452e-02
1.834454014897346497e-02
-8.476153016090393066e-02
3.915405273437500000e-02
4.356865957379341125e-02
-1.102003455162048340e-01
-3.069645958021283150e-03
1.402245610952377319e-01
7.609232515096664429e-02
-8.009985089302062988e-02
-5.511824786663055420e-02
4.384683072566986084e-02
-5.474855005741119385e-02
2.065732032060623169e-01
7.730845361948013306e-02
-5.398258939385414124e-02
-1.531755626201629639e-01
2.445718832314014435e-02
1.126173213124275208e-01
-3.144584596157073975e-02
1.246390771120786667e-02
9.281311184167861938e-03
-3.665622323751449585e-02
9.895391017198562622e-02
2.075871452689170837e-02
-6.831645220518112183e-02
1.101764105260372162e-02
-9.160473197698593140e-02
1.440830826759338379e-01
1.379053015261888504e-02
-1.284025162458419800e-01
4.748767986893653870e-02
1.421142518520355225e-01
1.563074300065636635e-03
4.370928183197975159e-02
5.138045549392700195e-02
4.264630004763603210e-02
-1.510472595691680908e-01
1.595304161310195923e-02
8.408536761999130249e-02
2.755058184266090393e-02
1.157411411404609680e-01
1.310063991695642471e-02
-8.522640913724899292e-03
8.391286246478557587e-03
1.153466105461120605e-02
-1.372021287679672241e-01
-1.822377182543277740e-02
1.525875763036310673e-03
5.360319837927818298e-02
8.231182396411895752e-02
6.243624910712242126e-02
-1.371793150901794434e-01
7.203840464353561401e-02
1.414422062225639820e-03
5.518077872693538666e-03
5.377371981739997864e-02
6.691189110279083252e-02
-4.483654722571372986e-02
5.769276246428489685e-02
-3.558753989636898041e-03
-4.114177823066711426e-02
1.003468781709671021e-01
5.541086196899414062e-02
1.430463641881942749e-01
5.510035902261734009e-02
-1.656188368797302246e-01
-8.682365715503692627e-02
-1.091608218848705292e-02
-2.588413469493389130e-02
1.020077392458915710e-01
-2.928604185581207275e-02
8.865193463861942291e-03
-1.535639911890029907e-02
5.464520677924156189e-02
9.356863051652908325e-02
-3.895703330636024475e-02
-1.257106103003025055e-02
-1.731536933220922947e-03
-4.433406889438629150e-02
-6.915228068828582764e-02
-9.975130669772624969e-03
6.979373842477798462e-02
4.303583875298500061e-03
-1.420682966709136963e-01
-5.358078330755233765e-02
-1.423054933547973633e-01
-1.645889729261398315e-01
-3.127955645322799683e-02
-2.011140286922454834e-01
7.416236400604248047e-02
-1.120310649275779724e-02
1.195764690637588501e-01
-8.375207334756851196e-02
-4.486413300037384033e-02
5.576660856604576111e-02
-1.582690631039440632e-03
-1.614378578960895538e-02
-9.284092485904693604e-02
-1.622609607875347137e-02
-1.204056814312934875e-01
-2.870369516313076019e-02
-3.320688381791114807e-02
-9.731777943670749664e-03
-5.210655275732278824e-03
-5.522784963250160217e-02
-3.291438147425651550e-02
-1.090053841471672058e-01
5.332592874765396118e-02
8.631951175630092621e-03
7.012782990932464600e-02
2.128468826413154602e-02
3.801817772909998894e-03
7.880860567092895508e-02
-3.797902539372444153e-02
2.747870050370693207e-03
6.502386182546615601e-02
-7.904745638370513916e-02
1.927262917160987854e-02
-1.191984117031097412e-02
5.771864205598831177e-02
2.369683980941772461e-02
-7.512598298490047455e-03
2.342117205262184143e-02
-8.692795783281326294e-02
-4.542929679155349731e-02
-1.124237179756164551e-01
-3.812321927398443222e-03
2.798179164528846741e-02
-5.167791992425918579e-02
-1.967934817075729370e-01
7.232508063316345215e-02
-1.212204396724700928e-01
-1.244774535298347473e-01
1.208216696977615356e-02
2.831715345382690430e-02
-1.028155684471130371e-01
2.396646013949066401e-04
1.911493688821792603e-01
-8.412672206759452820e-03
-2.511554956436157227e-02
3.874601051211357117e-02
5.397313088178634644e-02
7.324203033931553364e-04
1.134516671299934387e-02
-6.480789929628372192e-02
-2.673303708434104919e-02
-1.822738349437713623e-02
1.160200461745262146e-01
-9.282240271568298340e-02
-4.830447211861610413e-02
1.151669770479202271e-01
-4.207836091518402100e-02
1.239210665225982666e-01
7.462028414011001587e-02
-3.191621601581573486e-02
-1.511493921279907227e-01
-1.404375676065683365e-02
1.176833137869834900e-01
2.966203261166810989e-03
-1.131881251931190491e-01
5.428951606154441833e-02
3.141234070062637329e-02
2.267461456358432770e-02
-1.857933402061462402e-02
2.624210342764854431e-02
-2.837577834725379944e-02
-2.433427795767784119e-02
-8.428960293531417847e-02
-6.348721683025360107e-03
2.234089821577072144e-01
-1.785674989223480225e-01
8.219466358423233032e-02
-1.383903175592422485e-01
-2.850707620382308960e-02
-1.512745302170515060e-02
3.218549303710460663e-03
5.440127104520797729e-02
1.349023077636957169e-02
5.746594816446304321e-02
5.741601809859275818e-03
1.149508357048034668e-01
-3.440334275364875793e-02
1.031197160482406616e-01
-5.676623061299324036e-02
-9.732534177601337433e-03
-8.162445574998855591e-02
-3.283727169036865234e-02
2.908839657902717590e-02
-3.171914070844650269e-02
-3.761573135852813721e-02
9.322241530753672123e-04
-3.480151295661926270e-02
-1.171509474515914917e-01
1.375980228185653687e-01
-7.873862236738204956e-02
5.842765676788985729e-04
4.002815857529640198e-02
-4.327575862407684326e-02
9.418236464262008667e-02
2.757416479289531708e-02
-1.197071149945259094e-01
1.047791093587875366e-01
5.629917606711387634e-02
1.495155245065689087e-01
1.353155914694070816e-02
1.008713170886039734e-01
3.720089420676231384e-02
1.697981357574462891e-01
1.153883412480354309e-01
8.402817882597446442e-03
5.913162603974342346e-02
-7.079299539327621460e-02
-8.145906031131744385e-02
6.920606642961502075e-02
1.338243950158357620e-02
-4.107078537344932556e-02
-1.204807534813880920e-01
-4.392426460981369019e-02
1.826350204646587372e-02
3.968492150306701660e-02
1.381366550922393799e-01
-5.603515356779098511e-02
2.843417227268218994e-02
-2.528435550630092621e-02
-1.371783018112182617e-02
2.516487799584865570e-02
-7.169431447982788086e-02
2.292833104729652405e-02
-2.193266525864601135e-02
1.020680274814367294e-02
-5.321004986763000488e-02
-2.666542120277881622e-02
7.478812336921691895e-02
1.198820173740386963e-01
4.342892020940780640e-02
1.189858168363571167e-01
1.596643216907978058e-02
1.204454079270362854e-01
-1.051951870322227478e-01
-3.368542343378067017e-02
7.912218570709228516e-02
6.102978810667991638e-02
-4.682666063308715820e-02
-8.006053976714611053e-03
1.056898906826972961e-01
1.018081083893775940e-01
7.323594391345977783e-02
3.201860527042299509e-04
1.143715307116508484e-01
3.869017213582992554e-02
4.329274967312812805e-02
6.220316514372825623e-02
4.415171220898628235e-02
-1.544849965284811333e-06
1.462089121341705322e-01
1.078729555010795593e-01
-8.123242855072021484e-02
2.369351498782634735e-02
-1.279478222131729126e-01
-9.200372733175754547e-03
-3.213110566139221191e-02
-1.120711863040924072e-01
5.282505974173545837e-02
-9.695363044738769531e-02
-1.668495684862136841e-02
-3.030877187848091125e-02
-5.516478791832923889e-02
4.902506247162818909e-02
8.991843461990356445e-02
-1.631969958543777466e-01
-8.161038160324096680e-02
-4.101892933249473572e-02
7.812618423486128449e-05
1.028954014182090759e-01
2.971079759299755096e-02
-4.305431246757507324e-02
-4.884121194481849670e-02
-8.822163939476013184e-02
-1.633719168603420258e-02
9.648340940475463867e-02
-2.718738652765750885e-02
1.056493595242500305e-01
5.120680201798677444e-03
5.985141173005104065e-02
5.271484842523932457e-04
-3.969065099954605103e-02
3.873704746365547180e-02
-1.400330848991870880e-02
-2.000292837619781494e-01
-2.044646814465522766e-02
-6.866872310638427734e-02
-6.310615688562393188e-02
-8.642158657312393188e-02
-3.542514517903327942e-02
8.242784440517425537e-02
5.110355839133262634e-02
-1.165508255362510681e-01
1.174402981996536255e-02
9.330458194017410278e-02
7.997969537973403931e-02
7.302810996770858765e-02
-1.107166111469268799e-01
-4.960013180971145630e-02
3.321145474910736084e-02
5.103099718689918518e-02
3.418652713298797607e-02
-7.917533069849014282e-02
4.923052154481410980e-03
-5.659647285938262939e-02
8.481851220130920410e-02
3.884581476449966431e-02
-6.737995147705078125e-02
-8.996495604515075684e-02
-1.153414230793714523e-02
4.051732365041971207e-03
-8.313844911754131317e-03
1.468813866376876831e-01
-1.455699652433395386e-01
-1.291284263134002686e-01
1.054846942424774170e-01
-1.238136738538742065e-01
4.370718821883201599e-02
3.641274198889732361e-02
5.724088288843631744e-03
-2.139818109571933746e-02
2.018366940319538116e-02
-7.297649234533309937e-02
-5.028087180107831955e-04
-9.315630048513412476e-02
-1.219517961144447327e-01
3.272566944360733032e-02
-1.085207313299179077e-01
-2.037286013364791870e-01
-7.859668694436550140e-03
-3.277570381760597229e-02
1.174300163984298706e-01
-2.577837556600570679e-02
9.555745124816894531e-02
-7.071330398321151733e-02
-5.337224528193473816e-02
5.785096809267997742e-02
-2.586512826383113861e-02
-9.703601896762847900e-02
-1.336912661790847778e-01
-1.091270893812179565e-01
-1.114888861775398254e-02
6.380577385425567627e-02
4.041351750493049622e-02
-7.774922251701354980e-02
4.350885003805160522e-02
-1.183409243822097778e-02
5.661214888095855713e-02
-1.029152870178222656e-01
1.040671672672033310e-02
-2.041957974433898926e-01
2.572114467620849609e-01
2.104822918772697449e-02
-7.526220381259918213e-02
3.237997740507125854e-02
-5.034413933753967285e-02
-7.852500677108764648e-02
3.072642534971237183e-02
-7.643216848373413086e-02
-1.713173836469650269e-01
8.622871339321136475e-02
1.714570634067058563e-02
6.833002436906099319e-03
-4.330842941999435425e-02
5.747743695974349976e-02
9.274462237954139709e-03
3.694326058030128479e-02
-7.889586687088012695e-02
-9.205145388841629028e-02
1.274195313453674316e-01
-7.942686229944229126e-02
7.333447784185409546e-02
-5.751210823655128479e-02
-6.444361526519060135e-03
-4.960109293460845947e-02
4.380287602543830872e-02
7.845497876405715942e-02
-1.251288503408432007e-01
2.518061175942420959e-02
-3.627126291394233704e-02
-3.143924474716186523e-02
1.119548827409744263e-02
4.272545222193002701e-03
-2.527445927262306213e-02
-1.193815022706985474e-01
6.418960541486740112e-02
-5.888791382312774658e-02
-3.311649709939956665e-02
8.159265667200088501e-02
-6.650259718298912048e-03
-7.978106290102005005e-02
-6.300767511129379272e-02
1.708087325096130371e-02
-2.308609522879123688e-02
-1.513750106096267700e-01
-1.080844402313232422e-01
1.047840043902397156e-01
3.043988905847072601e-02
3.082956746220588684e-02
-1.698764860630035400e-01
-2.120280079543590546e-02
2.353347651660442352e-02
-6.768187135457992554e-02
-2.315110713243484497e-02
-1.619766056537628174e-01
4.357074387371540070e-03
-7.528276741504669189e-02
-4.223798587918281555e-02
-4.660483822226524353e-02
5.524014681577682495e-02
1.508369594812393188e-01
1.065889447927474976e-01
-1.305141299962997437e-02
6.349309533834457397e-02
-8.706761524081230164e-03
-6.466548889875411987e-02
-3.278487175703048706e-02
-1.528925262391567230e-02
-1.392361475154757500e-03
-8.278480172157287598e-02
-5.503153055906295776e-02
-3.860500827431678772e-02
-2.362505346536636353e-01
-5.728689953684806824e-02
-2.823103405535221100e-02
-4.093395918607711792e-02
-1.316272169351577759e-01
6.893802434206008911e-02
2.358501031994819641e-02
-9.810346364974975586e-02
-2.143909037113189697e-01
-5.352585762739181519e-02
8.923699706792831421e-02
-1.585569418966770172e-02
-9.113669395446777344e-02
5.161569640040397644e-02
-3.080319985747337341e-02
-6.043658405542373657e-02
1.252653151750564575e-01
5.472151190042495728e-02
8.818578720092773438e-02
1.180282421410083771e-02
-5.692860856652259827e-02
5.957231670618057251e-02
4.332750290632247925e-02
5.604505538940429688e-02
3.085206728428602219e-03
3.765219822525978088e-02
-6.831855326890945435e-02
-1.241824775934219360e-02
4.414693266153335571e-02
-3.086007572710514069e-02
-1.613430678844451904e-02
-1.804050244390964508e-02
-7.942782342433929443e-02
-2.573757665231823921e-03
-2.736740931868553162e-02
7.024443149566650391e-02
-1.388886123895645142e-01
2.637678198516368866e-02
2.030646353960037231e-01
7.949450612068176270e-02
-8.433821052312850952e-02
-3.137184306979179382e-02
-9.658532589673995972e-02
1.204660948133096099e-04
4.785077646374702454e-02
-7.159632444381713867e-02
5.953960493206977844e-02
-2.908052317798137665e-02
-8.826033025979995728e-02
1.853888332843780518e-01
1.739875972270965576e-02
4.479485377669334412e-02
-3.268183209002017975e-03
-3.534911200404167175e-02
-2.146711573004722595e-02
-3.863277658820152283e-02
-6.067493557929992676e-02
-4.913541674613952637e-02
1.207644492387771606e-01
-2.183829694986343384e-01
-1.032698005437850952e-01
3.519829362630844116e-02
3.631782950833439827e-03
-9.545800089836120605e-02
-1.681070588529109955e-02
-1.543283183127641678e-02
1.119482517242431641e-02
1.139864698052406311e-01
9.813586622476577759e-02
1.533911377191543579e-01
-3.828638419508934021e-02
-2.208584453910589218e-03
-2.152005210518836975e-02
-1.514169722795486450e-01
5.969813466072082520e-02
-1.815199553966522217e-01
3.364128991961479187e-02
-9.187489748001098633e-03
-8.776502683758735657e-03
3.490244969725608826e-02
9.235655516386032104e-02
-9.358990937471389771e-02
3.190173581242561340e-02
-1.130303293466567993e-01
8.140268735587596893e-03
-2.085313573479652405e-02
-8.045926690101623535e-02
-3.434164449572563171e-02
-2.140582203865051270e-01
1.664298214018344879e-02
-1.160104423761367798e-01
-6.144124642014503479e-02
-3.937922790646553040e-02
-3.903808817267417908e-02
1.358958184719085693e-01
4.859350994229316711e-02
-8.042920380830764771e-02
-2.537990361452102661e-02
4.540252685546875000e-02
-5.260383337736129761e-02
-7.941272854804992676e-02
-6.144521385431289673e-02
-1.451111026108264923e-02
2.374930307269096375e-02
-9.991648606956005096e-03
6.335636600852012634e-03
-5.372981727123260498e-02
-1.908763945102691650e-01
9.864139556884765625e-02
8.842579275369644165e-02
-8.155683428049087524e-02
-2.772968821227550507e-02
-2.175924181938171387e-02
5.909798294305801392e-02
-1.204228475689888000e-01
-1.191253494471311569e-02
-1.824661903083324432e-02
4.666933789849281311e-03
6.991915404796600342e-02
-2.257307618856430054e-02
-7.669778913259506226e-02
6.534545868635177612e-02
-4.959510639309883118e-02
6.696985661983489990e-02
2.768098004162311554e-02
-1.139615103602409363e-02
2.685299143195152283e-02
7.331100851297378540e-02
7.040181010961532593e-02
1.222704723477363586e-01
-1.417215317487716675e-01
-1.282836049795150757e-01
-1.134700700640678406e-01
1.051696836948394775e-01
5.866875126957893372e-02
4.631567746400833130e-02
3.458155319094657898e-03
7.180662453174591064e-02
4.315449297428131104e-02
8.120419085025787354e-02
-7.221801672130823135e-03
6.342116743326187134e-03
4.204340279102325439e-02
-1.085435152053833008e-01
-8.658452332019805908e-02
8.405923098325729370e-02
1.016891300678253174e-01
-1.705445945262908936e-01
9.754900634288787842e-02
5.077821388840675354e-02
-2.444563619792461395e-02
-5.423147976398468018e-02
-8.253213949501514435e-03
5.992787703871726990e-02
2.528185024857521057e-02
2.099767141044139862e-02
-8.937566727399826050e-02
5.064610019326210022e-02
2.804468385875225067e-02
4.509832710027694702e-02
-1.277044182643294334e-03
9.268806129693984985e-02
3.374778106808662415e-02
6.517527997493743896e-02
-3.133071213960647583e-02
5.331422016024589539e-02
1.817961037158966064e-01
-5.655690282583236694e-02
-4.698932543396949768e-02
-3.207667171955108643e-02
-1.123526245355606079e-01
1.283480376005172729e-01
5.688462406396865845e-02
8.348137885332107544e-02
2.746003121137619019e-02
-2.432404085993766785e-02
-8.107844740152359009e-02
-4.728854820132255554e-02
-9.182028472423553467e-02
-5.893400683999061584e-02
-1.251584142446517944e-01
1.009096428751945496e-01
-5.514766275882720947e-02
8.233990520238876343e-03
2.953103929758071899e-02
1.901692450046539307e-01
-1.298767030239105225e-01
4.516054876148700714e-03
-9.103280492126941681e-03
-7.657222449779510498e-02
-8.537817746400833130e-02
9.380981326103210449e-02
-3.232140466570854187e-02
5.006211251020431519e-02
-7.272902876138687134e-02
6.451952457427978516e-02
5.772724002599716187e-02
-1.557096838951110840e-01
-3.773356601595878601e-02
-3.869494050741195679e-02
-7.691257447004318237e-02
-8.833953738212585449e-02
4.723978228867053986e-03
-7.574936747550964355e-02
9.863123297691345215e-02
1.783075183629989624e-02
7.419948931783437729e-03
-3.922520577907562256e-02
5.708415433764457703e-02
-6.914036720991134644e-02
6.941287219524383545e-02
1.466311421245336533e-02
-1.011161804199218750e-01
-5.963550135493278503e-02
-3.677125647664070129e-02
8.798828721046447754e-02
-1.612066924571990967e-01
-8.330997079610824585e-02
3.106535039842128754e-02
-3.814704716205596924e-02
-2.999817021191120148e-02
2.180314064025878906e-02
-7.576768845319747925e-02
2.838256582617759705e-02
-2.310387790203094482e-02
-2.921288646757602692e-02
5.318858101963996887e-02
-1.582897454500198364e-01
-6.512738764286041260e-03
-2.272791042923927307e-02
2.976307272911071777e-02
-9.727606177330017090e-02
6.432388722896575928e-02
-1.024693716317415237e-02
-5.760204419493675232e-02
-1.069174930453300476e-01
-3.427021205425262451e-02
3.537982329726219177e-02
2.447661571204662323e-02
1.168894954025745392e-02
-2.797726169228553772e-02
-1.681292243301868439e-02
1.148920208215713501e-01
-9.355825185775756836e-02
4.555414617061614990e-02
-2.295680493116378784e-01
8.312353491783142090e-02
1.410100236535072327e-02
8.553935587406158447e-02
1.009231656789779663e-01
-1.733616180717945099e-02
4.423900693655014038e-02
5.086786672472953796e-02
9.401414543390274048e-02
4.868910834193229675e-02
-1.084185838699340820e-01
1.452756822109222412e-01
-3.774299472570419312e-02
8.635994791984558105e-02
-2.974650822579860687e-03
5.490123480558395386e-02
-2.850176952779293060e-02
4.560973495244979858e-02
-1.876721531152725220e-01
-3.272070735692977905e-02
6.804471462965011597e-02
5.269514769315719604e-02
1.499302983283996582e-01
3.617340698838233948e-02
4.913124069571495056e-02
1.525589451193809509e-02
-6.518684327602386475e-02
8.410663902759552002e-02
4.362109303474426270e-02
-3.681757301092147827e-02
-1.090270467102527618e-03
-2.296573668718338013e-02
4.274715483188629150e-02
-9.641846269369125366e-02
-5.637739226222038269e-02
4.110942129045724869e-03
-2.820756286382675171e-02
-1.496894657611846924e-01
-1.008232235908508301e-01
-7.240600883960723877e-02
5.072857812047004700e-02
-1.962202638387680054e-01
1.539037078619003296e-01
-3.016463480889797211e-02
-7.989954948425292969e-02
-7.827871292829513550e-02
7.871755212545394897e-02
2.993622981011867523e-02
1.625069081783294678e-01
-3.318725153803825378e-02
6.857815384864807129e-02
-6.859058141708374023e-02
4.086562618613243103e-02
-4.132847115397453308e-02
3.576016169972717762e-04
6.811587512493133545e-02
-7.351937890052795410e-02
-1.187875866889953613e-01
-1.858822070062160492e-02
-4.059265181422233582e-02
1.865901984274387360e-02
3.504974069073796272e-03
-1.520591825246810913e-01
1.133807227015495300e-01
7.882296293973922729e-02
-3.656571963801980019e-03
3.894180059432983398e-02
-1.527301408350467682e-02
-5.268885195255279541e-02
-5.586145445704460144e-03
8.901479095220565796e-02
6.102197989821434021e-02
6.508724391460418701e-02
1.277366280555725098e-02
-1.549679972231388092e-02
8.900397457182407379e-03
-2.868763171136379242e-03
-3.883425891399383545e-02
-5.321381613612174988e-02
-9.846939705312252045e-03
1.099952161312103271e-01
-2.826879732310771942e-03
1.190001964569091797e-01
-4.911969229578971863e-02
-5.209583789110183716e-02
2.815180830657482147e-02
-7.803070545196533203e-02
7.179810106754302979e-02
6.836650520563125610e-02
2.301309630274772644e-02
2.664586342871189117e-02
-8.634740114212036133e-02
-7.038479298353195190e-02
-5.573325604200363159e-02
-9.426762908697128296e-02
6.862975656986236572e-02
-1.707209460437297821e-02
-9.778911247849464417e-03
2.670784015208482742e-03
-8.975640684366226196e-02
1.336880475282669067e-01
-1.808639615774154663e-02
1.187582872807979584e-02
1.974013596773147583e-01
-4.431119561195373535e-02
3.424027189612388611e-02
1.555128991603851318e-01
-6.280682981014251709e-02
-4.093931615352630615e-02
-5.133824795484542847e-02
-1.837460249662399292e-01
7.591733336448669434e-02
7.216103374958038330e-02
-2.018790543079376221e-01
7.289652712643146515e-03
5.948188155889511108e-02
-6.323617883026599884e-03
7.015802897512912750e-03
-8.445034734904766083e-03
2.992113530635833740e-01
6.131841614842414856e-02
2.094895206391811371e-02
7.064101845026016235e-02
-1.586418896913528442e-01
-8.918907493352890015e-03
-5.299813672900199890e-02
-1.039011925458908081e-01
8.498589694499969482e-02
-1.137903109192848206e-01
1.595294028520584106e-01
8.482811041176319122e-03
4.487465694546699524e-02
5.779123306274414062e-02
4.614369198679924011e-02
-1.281728893518447876e-01
-8.513780310750007629e-03
-9.150599688291549683e-02
1.047799587249755859e-01
-7.637325208634138107e-03
-2.240511775016784668e-02
-5.508232861757278442e-02
-6.722712516784667969e-02
-2.149409428238868713e-02
-6.137209385633468628e-02
-1.846239864826202393e-01
3.432053327560424805e-02
-2.219889312982559204e-01
2.654883824288845062e-02
-7.636634260416030884e-02
1.457172930240631104e-01
-4.907573759555816650e-02
1.180728450417518616e-01
-4.294501617550849915e-02
2.078673988580703735e-02
-1.891392320394515991e-01
-9.360547363758087158e-02
3.246838599443435669e-02
-9.596046060323715210e-03
1.842072904109954834e-01
-5.249862745404243469e-02
2.715107239782810211e-02
1.817874424159526825e-02
-2.528028748929500580e-02
-8.323150128126144409e-02
3.270804882049560547e-02
-5.251595005393028259e-02
1.508670598268508911e-01
-1.161840558052062988e-02
-7.070566993206739426e-03
-4.315386340022087097e-02
4.179130122065544128e-02
2.848041430115699768e-02
-4.198547452688217163e-02
-5.681065097451210022e-02
-1.463138908147811890e-01
-7.358592748641967773e-02
2.045082300901412964e-02
-8.512569963932037354e-02
-4.156513884663581848e-02
-1.141698509454727173e-01
-8.861482888460159302e-02
-4.467727243900299072e-02
2.206666469573974609e-01
9.628660045564174652e-03
1.467060414142906666e-03
3.871073946356773376e-02
-7.272489368915557861e-02
2.983416244387626648e-02
-6.787841022014617920e-02
-6.528460979461669922e-02
7.612525671720504761e-02
8.849609643220901489e-02
-7.335048913955688477e-02
-6.934116780757904053e-02
2.564084157347679138e-02
2.664959058165550232e-02
-7.030639797449111938e-02
2.149654738605022430e-02
5.868444684892892838e-03
-8.618876338005065918e-03
-9.563396126031875610e-02
-5.073853209614753723e-02
-4.565575346350669861e-02
-1.091173440217971802e-01
1.403230428695678711e-01
-9.232618845999240875e-03
-1.821799762547016144e-02
-8.900717645883560181e-02
-1.712319105863571167e-01
1.346243619918823242e-01
4.850128665566444397e-02
9.037781506776809692e-02
-3.423654660582542419e-02
-5.402259156107902527e-02
-2.012140117585659027e-02
-2.568894252181053162e-02
-4.354725405573844910e-02
-6.554820388555526733e-02
-9.000562131404876709e-02
-3.991492465138435364e-02
9.995644912123680115e-03
-5.677678436040878296e-02
-3.138485131785273552e-03
1.688018441200256348e-02
4.093613848090171814e-02
-3.341532126069068909e-02
-1.074067279696464539e-01
2.140122801065444946e-01
-6.590488553047180176e-02
-9.893471002578735352e-02
7.246518041938543320e-03
1.609113998711109161e-02
8.591849356889724731e-03
-7.091207057237625122e-02
6.692495942115783691e-02
1.037622056901454926e-02
5.628787353634834290e-02
-2.554435841739177704e-02
-8.406665176153182983e-02
-1.193558275699615479e-01
6.985510885715484619e-02
8.618062734603881836e-02
-3.328333795070648193e-02
-6.870072335004806519e-02
1.146484464406967163e-01
-8.311450481414794922e-02
-8.367785811424255371e-02
-1.954073645174503326e-02
-3.526161890476942062e-03
-3.690878674387931824e-02
-1.936575472354888916e-01
-3.308134526014328003e-02
-3.994837030768394470e-02
5.931496270932257175e-04
-7.039638608694076538e-02
-1.957408711314201355e-02
4.590772092342376709e-02
2.688816748559474945e-02
-1.968491263687610626e-02
3.151301667094230652e-02
4.235835280269384384e-03
-1.511314511299133301e-01
-1.064081415534019470e-01
-4.257755726575851440e-02
1.353350281715393066e-01
1.052809208631515503e-01
2.447875915095210075e-03
1.974612474441528320e-02
-5.404167622327804565e-02
2.553189871832728386e-03
1.067221350967884064e-02
4.004661366343498230e-02
-2.524403110146522522e-02
1.203349698334932327e-02
4.120793193578720093e-02
-6.658877432346343994e-02
2.206676080822944641e-02
-7.584239542484283447e-02
4.789289552718400955e-03
1.163771897554397583e-01
-4.714619740843772888e-02
7.836675271391868591e-03
-1.426983028650283813e-01
5.153436586260795593e-02
7.437975704669952393e-02
1.781662367284297943e-02
8.451340720057487488e-03
4.979826882481575012e-02
-5.961012095212936401e-02
5.477287247776985168e-02
2.484541758894920349e-02
-6.784011423587799072e-02
3.220036253333091736e-02
1.003319099545478821e-01
1.292046625167131424e-02
6.262550130486488342e-03
-4.785518720746040344e-02
-5.740028340369462967e-03
5.061366036534309387e-02
1.307642906904220581e-01
-4.615040123462677002e-02
3.629887849092483521e-02
5.994958430528640747e-02
2.927047014236450195e-02
-9.056294709444046021e-02
-1.467126421630382538e-02
-5.304368585348129272e-02
-4.029042273759841919e-02
-3.906306251883506775e-02
-1.290415674448013306e-01
1.552158296108245850e-01
-6.757067143917083740e-02
1.636070944368839264e-02
-1.171100586652755737e-01
-1.121489889919757843e-02
3.471469506621360779e-02
-1.273461133241653442e-01
-3.199342265725135803e-02
-6.728973239660263062e-02
-4.281743988394737244e-02
-1.823069527745246887e-02
3.321390226483345032e-02
-6.147705018520355225e-03
-4.934501275420188904e-02
1.007972359657287598e-01
8.831124007701873779e-02
-1.209848150610923767e-01
1.905698142945766449e-02
-9.293577820062637329e-02
-1.418398022651672363e-01
-7.111845072358846664e-03
8.880510181188583374e-02
6.068316474556922913e-02
-9.119650349020957947e-03
-5.929495021700859070e-02
-6.421505659818649292e-02
-1.465386599302291870e-01
7.087514549493789673e-02
4.743541590869426727e-03
-1.621787995100021362e-02
-7.130144536495208740e-02
-8.025595545768737793e-02
-5.487085878849029541e-02
7.084931130520999432e-04
1.182069554924964905e-01
1.309247035533189774e-02
2.082397975027561188e-02
1.538098417222499847e-02
-6.278821080923080444e-02
5.687254294753074646e-02
-3.943102061748504639e-02
6.119326688349246979e-03
-6.755968183279037476e-02
1.788148283958435059e-02
1.443622410297393799e-01
-7.222991436719894409e-02
2.667782269418239594e-02
1.084824278950691223e-02
1.113906279206275940e-01
-2.838107012212276459e-02
-3.950028866529464722e-02
1.310162246227264404e-02
1.547169089317321777e-01
8.198828995227813721e-02
3.719824552536010742e-02
6.529494374990463257e-02
-1.900497823953628540e-01
2.397419884800910950e-02
-9.206084161996841431e-02
-7.837599515914916992e-02
-6.836600601673126221e-03
5.458297580480575562e-02
7.170835044234991074e-03
1.012864802032709122e-02
-3.152397647500038147e-02
8.005286753177642822e-02
-8.206354081630706787e-02
-4.122574999928474426e-02
2.323250286281108856e-02
-1.298759728670120239e-01
1.846202090382575989e-02
1.756574809551239014e-01
1.125369966030120850e-01
-1.205009445548057556e-01
-7.954768091440200806e-02
-9.600100666284561157e-02
-4.226914048194885254e-02
-1.462830347009003162e-03
7.366735488176345825e-02
4.240546841174364090e-03
-6.104908883571624756e-02
1.033776700496673584e-01
6.864602863788604736e-02
7.188848406076431274e-02
6.546012312173843384e-02
8.044501394033432007e-02
5.448387935757637024e-02
-1.195190027356147766e-01
1.292461752891540527e-01
-3.315078094601631165e-02
3.642776980996131897e-02
-5.934538692235946655e-02
8.295547962188720703e-02
6.162086967378854752e-03
2.815132215619087219e-02
-2.735161408782005310e-02
3.653239831328392029e-02
-4.152242466807365417e-02
-1.248354930430650711e-02
3.849695203825831413e-03
-3.252368420362472534e-02
-4.785916954278945923e-02
-8.705023676156997681e-02
1.674091070890426636e-02
2.576024644076824188e-02
5.386016797274351120e-03
6.775095243938267231e-04
7.467270642518997192e-02
1.157994614914059639e-03
-4.968221485614776611e-02
-5.992163717746734619e-02
-1.057668849825859070e-01
2.003175951540470123e-02
-1.739983409643173218e-01
1.103214621543884277e-01
-1.197962537407875061e-01
2.412524260580539703e-02
1.411953121423721313e-01
8.777614682912826538e-02
-6.319399923086166382e-02
-2.963253110647201538e-02
5.300225317478179932e-02
-2.536608837544918060e-02
4.715736210346221924e-02
-8.701118826866149902e-02
1.081379726529121399e-01
1.880851201713085175e-02
-8.697915822267532349e-02
-1.346129775047302246e-01
5.653582513332366943e-02
4.343759268522262573e-02
-2.977756410837173462e-02
-1.538338214159011841e-01
-1.225051730871200562e-01
-2.610934153199195862e-02
1.446192562580108643e-01
-1.438096724450588226e-02
3.472856059670448303e-02
-1.083877757191658020e-01
-1.128133237361907959e-01
-3.546755388379096985e-02
4.630791395902633667e-02
5.909632891416549683e-03
2.159956097602844238e-02
-9.237756580114364624e-02
-7.743328809738159180e-02
-7.924933731555938721e-02
-8.709052950143814087e-02
-9.381806850433349609e-02
-8.543102443218231201e-02
6.212146580219268799e-02
-1.129568740725517273e-02
2.614366449415683746e-02
-7.425229996442794800e-02
1.370316296815872192e-01
7.427760958671569824e-02
1.415349692106246948e-01
-6.399746518582105637e-03
-6.974867731332778931e-02
1.067780703306198120e-01
-1.195756252855062485e-02
-1.010824516415596008e-01
-9.637994319200515747e-02
-3.137520747259259224e-03
1.272566467523574829e-01
-1.445160508155822754e-01
4.346321150660514832e-02
3.911057114601135254e-02
-8.624804019927978516e-02
9.390960633754730225e-02
2.383889630436897278e-03
-6.114677712321281433e-02
-7.967091351747512817e-02
-7.188560068607330322e-02
-6.233797222375869751e-02
1.006574481725692749e-01
-1.293550580739974976e-01
5.071453377604484558e-02
1.631521135568618774e-01
-3.868081048130989075e-02
-6.479670107364654541e-02
3.899399936199188232e-02
-1.021671015769243240e-02
2.043695189058780670e-02
5.193647742271423340e-02
-1.174924075603485107e-01
-2.236595153808593750e-01
-8.091083168983459473e-02
-1.302078962326049805e-01
-5.681010708212852478e-02
-6.329278647899627686e-02
-9.390027821063995361e-02
-8.088374137878417969e-02
-9.027879685163497925e-02
2.090196684002876282e-02
1.245523467659950256e-01
8.940599858760833740e-02
3.111016005277633667e-02
-1.912361755967140198e-02
-5.671617574989795685e-03
1.857766881585121155e-02
-8.050148189067840576e-02
-6.596211344003677368e-02
4.287958145141601562e-02
-6.167670711874961853e-02
-7.888434827327728271e-02
-9.139600396156311035e-02
-9.456579387187957764e-02
5.148862302303314209e-02
3.417791053652763367e-02
-7.386568188667297363e-02
7.492673397064208984e-02
-7.936415076255798340e-02
1.307992786169052124e-01
3.834958747029304504e-02
1.208817958831787109e-01
5.408326536417007446e-02
-4.578210785984992981e-02
1.534111984074115753e-02
-1.927075721323490143e-02
3.277250751852989197e-02
-5.800362303853034973e-02
4.051938652992248535e-02
-9.292900562286376953e-02
6.834823638200759888e-02
7.327070925384759903e-03
-8.307047933340072632e-02
6.003310531377792358e-02
-3.361798450350761414e-02
2.432813402265310287e-03
-2.296226739417761564e-05
-1.022974774241447449e-01
-1.581191644072532654e-02
9.066037088632583618e-02
1.346509344875812531e-02
-1.459774374961853027e-01
1.101762354373931885e-01
9.041655063629150391e-02
-1.446031183004379272e-01
-6.129978224635124207e-02
3.105213046073913574e-01
-9.606889798305928707e-04
1.454473882913589478e-01
-1.010007113218307495e-01
2.027620375156402588e-02
7.306597381830215454e-02
4.329121112823486328e-02
-8.916928432881832123e-03
-8.085566759109497070e-02
-1.016159355640411377e-02
7.921993732452392578e-02
9.640533477067947388e-02
-3.407008945941925049e-02
4.540179669857025146e-02
9.881167858839035034e-02
2.452534623444080353e-02
-5.533006414771080017e-02
-5.926815792918205261e-02
1.120774075388908386e-02
7.520564645528793335e-02
4.777636751532554626e-02
-2.009639516472816467e-02
-6.739716976881027222e-02
-1.023069173097610474e-01
-6.813859194517135620e-02
-9.576390683650970459e-02
-1.806046999990940094e-02
1.365393102169036865e-01
-5.603673681616783142e-02
9.539801627397537231e-03
-2.392731606960296631e-02
-9.868356585502624512e-02
1.277238428592681885e-01
6.307989358901977539e-02
1.210217475891113281e-01
6.324011832475662231e-02
-8.782226592302322388e-02
2.919735386967658997e-02
-1.946243457496166229e-02
-2.289667166769504547e-02
-1.506190747022628784e-01
-5.001962557435035706e-02
2.612809091806411743e-02
5.377412959933280945e-02
-5.519526079297065735e-02
4.162932932376861572e-02
-1.913266442716121674e-02
3.869025036692619324e-03
1.389382290653884411e-03
-5.114964768290519714e-02
6.807751953601837158e-03
5.583192035555839539e-02
-6.981489248573780060e-03
7.531086355447769165e-02
1.909603737294673920e-02
1.476097851991653442e-02
-3.692916408181190491e-02
-8.207480609416961670e-02
-9.458164870738983154e-02
1.238733902573585510e-01
-4.584753140807151794e-02
-1.304765641689300537e-01
6.322539597749710083e-02
4.277014359831809998e-02
-1.374266594648361206e-01
9.123926609754562378e-02
3.398696705698966980e-02
3.114213235676288605e-02
-7.310534361749887466e-03
-1.427033990621566772e-01
2.318083308637142181e-03
-1.431794464588165283e-01
1.850861459970474243e-01
4.381376504898071289e-02
4.821564257144927979e-02
1.793792657554149628e-02
-2.602977678179740906e-02
-9.549200534820556641e-03
6.402842700481414795e-02
3.210857883095741272e-02
-6.231611967086791992e-02
4.304962232708930969e-03
2.615859545767307281e-02
-8.625040203332901001e-02
1.326837018132209778e-02
1.623829156160354614e-01
-3.204881027340888977e-02
3.371777385473251343e-02
-9.562855213880538940e-02
-2.001570314168930054e-01
-8.696322143077850342e-02
-4.197571426630020142e-02
2.911782450973987579e-02
8.632528036832809448e-02
3.199396282434463501e-02
8.935535699129104614e-02
1.212497055530548096e-01
-6.736965477466583252e-02
5.807722732424736023e-02
2.438012138009071350e-02
-1.196139305830001831e-01
1.026933640241622925e-02
-2.144731767475605011e-02
4.531516879796981812e-02
1.190999522805213928e-01
1.254457794129848480e-02
1.485743466764688492e-02
1.160206794738769531e-01
-5.157368630170822144e-02
9.017512202262878418e-02
1.315969079732894897e-01
-5.655916035175323486e-02
1.108441874384880066e-02
-1.181095018982887268e-01
1.666777022182941437e-02
-1.216835305094718933e-01
9.802240878343582153e-02
1.031088083982467651e-01
3.770937025547027588e-02
1.872161589562892914e-02
-1.470664422959089279e-02
3.493774682283401489e-02
5.465722456574440002e-02
8.935399353504180908e-02
-2.435263432562351227e-02
7.817357778549194336e-02
1.168690994381904602e-01
-1.281346082687377930e-01
-3.802579268813133240e-02
6.515161599963903427e-03
7.289159297943115234e-02
3.805470094084739685e-02
3.091054782271385193e-02
-7.686747610569000244e-02
-2.631082199513912201e-02
1.809618249535560608e-02
4.735647700726985931e-03
-1.011440809816122055e-02
9.211475402116775513e-02
3.177091851830482483e-02
-9.147956967353820801e-02
-8.854226022958755493e-02
8.067749440670013428e-03
-2.065006345510482788e-01
-5.418135225772857666e-02
-1.045566499233245850e-01
4.302637651562690735e-03
6.240855902433395386e-02
-1.524815559387207031e-01
-1.219139844179153442e-01
3.024658933281898499e-02
6.234311312437057495e-02
2.156136929988861084e-02
-2.017157338559627533e-02
-2.221171976998448372e-03
-4.181566089391708374e-02
-7.283043116331100464e-02
-1.540484577417373657e-01
6.329267472028732300e-02
-2.842029556632041931e-02
-3.467713482677936554e-03
2.637812867760658264e-02
7.027690857648849487e-02
5.276822298765182495e-02
-5.382150411605834961e-02
-9.884310513734817505e-02
-6.498378515243530273e-02
2.409030683338642120e-02
1.443637460470199585e-01
2.152029238641262054e-02
1.091102734208106995e-01
-6.615370512008666992e-02
-1.290208194404840469e-02
1.726602949202060699e-02
-7.658760529011487961e-03
9.769012033939361572e-02
-1.199466586112976074e-01
7.230328023433685303e-02
-8.963894098997116089e-02
-2.925055287778377533e-02
-3.646112233400344849e-02
-6.537419557571411133e-02
-3.639348596334457397e-02
4.648530110716819763e-02
1.700689494609832764e-01
-6.415288895368576050e-02
6.773521006107330322e-02
4.301402717828750610e-02
1.160816568881273270e-02
-1.386336833238601685e-01
-1.550369262695312500e-01
-7.911109924316406250e-02
-8.545304834842681885e-02
-1.290200948715209961e-01
2.424240345135331154e-03
9.422633051872253418e-02
4.372141882777214050e-02
-5.693063139915466309e-02
-7.854878902435302734e-02
-9.778210520744323730e-02
-7.337437570095062256e-02
-1.712863594293594360e-01
-1.138786412775516510e-02
-1.420377846807241440e-02
-1.829415559768676758e-01
5.649809911847114563e-02
6.923339515924453735e-02
-7.558120042085647583e-02
-4.687469080090522766e-02
2.000677399337291718e-02
1.361038386821746826e-01
4.772555455565452576e-02
-9.600821882486343384e-03
3.690100833773612976e-02
-8.541529625654220581e-02
1.643069535493850708e-01
6.156988814473152161e-02
-8.636940270662307739e-03
-1.017963066697120667e-01
-4.582087695598602295e-02
2.447369508445262909e-02
1.089331284165382385e-01
-9.674541652202606201e-02
-1.321889087557792664e-02
3.074684925377368927e-02
-2.121896855533123016e-02
-7.939694076776504517e-02
7.908718660473823547e-03
1.684193313121795654e-01
4.182013869285583496e-02
1.763848811388015747e-01
6.886174529790878296e-02
1.160719543695449829e-01
-2.209147624671459198e-02
-3.673195838928222656e-02
-1.316740065813064575e-01
-1.191432587802410126e-02
5.992808844894170761e-03
-3.890158236026763916e-02
1.976511813700199127e-02
4.446293786168098450e-02
-2.464797161519527435e-02
-1.283591240644454956e-01
1.696412800811231136e-03
7.618909329175949097e-02
2.241820096969604492e-03
9.500033408403396606e-02
-5.005563050508499146e-02
-1.289427559822797775e-02
1.269513508304953575e-03
-3.736379742622375488e-02
3.762805461883544922e-02
-7.685480173677206039e-03
4.246050119400024414e-02
-3.553337603807449341e-02
9.782306849956512451e-03
1.669843494892120361e-02
-4.476600512862205505e-02
-1.948766782879829407e-02
3.956809267401695251e-02
8.114780485630035400e-02
-8.069744706153869629e-02
1.905171573162078857e-02
-1.211679074913263321e-02
6.983861792832612991e-03
-4.090293124318122864e-02
1.945488899946212769e-01
-8.704849332571029663e-02
6.908846646547317505e-02
4.096464440226554871e-02
-2.794299833476543427e-02
8.871575817465782166e-03
-7.380330562591552734e-02
4.664305597543716431e-02
-1.394698470830917358e-01
6.459894031286239624e-02
5.195802822709083557e-02
1.816063188016414642e-02
6.830754131078720093e-02
-1.917783915996551514e-01
-2.850152179598808289e-02
-4.577570036053657532e-02
-1.166850328445434570e-01
-1.202396750450134277e-01
-1.502498388290405273e-01
-4.095904901623725891e-02
2.968524768948554993e-02
-7.214767485857009888e-02
1.322184503078460693e-01
6.006183102726936340e-02
-4.210389684885740280e-03
1.302647590637207031e-01
3.757110983133316040e-02
-8.806601911783218384e-02
-1.746568679809570312e-01
-6.603709608316421509e-02
-2.721955999732017517e-02
1.772924698889255524e-02
7.535772025585174561e-02
-6.351160816848278046e-03
-4.305756464600563049e-02
-1.069819852709770203e-01
-6.282077729701995850e-02
-6.833077222108840942e-02
-1.308238953351974487e-01
-9.924311190843582153e-02
1.107168346643447876e-01
1.141006126999855042e-01
-4.448939859867095947e-02
4.415138065814971924e-02
6.028144061565399170e-02
2.105308882892131805e-02
1.284726113080978394e-01
-2.464399673044681549e-02
1.631080359220504761e-02
8.937875926494598389e-02
6.955012679100036621e-02
-2.937101759016513824e-02
1.308877021074295044e-01
-3.188442066311836243e-02
-7.726667821407318115e-02
1.926798373460769653e-02
7.617547363042831421e-02
-5.200721323490142822e-02
-2.041452331468462944e-03
-7.822550088167190552e-02
1.008628960698843002e-02
-7.402327656745910645e-02
-5.288343876600265503e-02
-5.804520100355148315e-02
4.937577247619628906e-02
-1.153615303337574005e-02
-4.348981752991676331e-02
3.972351923584938049e-02
-6.007573381066322327e-02
-4.686310514807701111e-02
-2.275883704423904419e-01
-7.489943504333496094e-02
-1.821476593613624573e-02
-3.158137574791908264e-02
-3.836860647425055504e-03
-9.963385015726089478e-02
3.020357899367809296e-02
7.994410395622253418e-02
8.361030369997024536e-02
-4.757628962397575378e-02
-1.206615641713142395e-01
-2.682854793965816498e-02
-5.707123503088951111e-02
-9.118862450122833252e-03
1.758720129728317261e-01
-3.980605304241180420e-02
9.270875155925750732e-02
-2.426944859325885773e-02
1.561178546398878098e-02
4.010718315839767456e-03
-3.825429454445838928e-02
-2.051060087978839874e-03
-1.094157621264457703e-01
2.433519996702671051e-02
8.922918699681758881e-03
9.120821952819824219e-02
9.463012963533401489e-02
-3.679589927196502686e-02
1.173585467040538788e-02
-3.702334687113761902e-02
1.226672530174255371e-01
2.692164108157157898e-02
9.550133347511291504e-02
7.734070066362619400e-03
-5.741763859987258911e-02
8.531925082206726074e-02
-1.083775013685226440e-01
5.730799958109855652e-02
-4.518442973494529724e-02
-5.154307582415640354e-04
7.364212721586227417e-02
3.406089544296264648e-02
-9.058238565921783447e-02
-1.561504453420639038e-01
-8.852260187268257141e-03
-9.907932952046394348e-03
5.079133063554763794e-02
-1.091404855251312256e-01
9.671861678361892700e-02
-1.424351241439580917e-02
3.605958446860313416e-02
8.749236911535263062e-02
6.747877597808837891e-02
-7.828821986913681030e-02
-3.595519065856933594e-02
-7.865208387374877930e-02
-1.996536552906036377e-02
4.884567856788635254e-02
5.047368630766868591e-02
1.983042210340499878e-01
-8.376332372426986694e-02
-1.077713072299957275e-01
4.759972915053367615e-02
-1.424844563007354736e-01
-1.990792714059352875e-02
2.516925707459449768e-02
-8.755181729793548584e-02
-4.517036303877830505e-02
-4.429452121257781982e-02
-7.270986679941415787e-03
-1.106024757027626038e-01
5.607698857784271240e-02
-8.523000031709671021e-02
1.442607790231704712e-01
-7.897883653640747070e-02
-1.172890793532133102e-02
-2.977052703499794006e-02
-8.946830406785011292e-03
-5.996635556221008301e-02
5.117048695683479309e-02
1.194864809513092041e-01
-9.896121919155120850e-02
6.164932250976562500e-02
1.288997232913970947e-01
-3.530371934175491333e-02
1.012599617242813110e-01
-1.026924606412649155e-02
-3.989942371845245361e-02
-6.011323630809783936e-02
3.799421340227127075e-02
-2.999382652342319489e-02
-5.518108140677213669e-03
4.283123835921287537e-02
-5.560966208577156067e-03
6.356015056371688843e-02
-1.206925436854362488e-01
1.423621270805597305e-02
2.358957752585411072e-02
1.518068760633468628e-01
-4.161415621638298035e-02
-1.429767012596130371e-01
4.851714894175529480e-02
-7.608777843415737152e-03
8.081863820552825928e-02
3.232591599225997925e-02
-5.895569548010826111e-02
9.158035740256309509e-03
9.602304548025131226e-02
-3.140342980623245239e-02
5.402547866106033325e-02
-1.058293040841817856e-02
2.330083027482032776e-02
7.622884213924407959e-02
2.330290339887142181e-02
1.442419830709695816e-02
2.521514892578125000e-02
-1.897536963224411011e-02
2.434062398970127106e-02
-4.869121313095092773e-02
-1.859194599092006683e-03
-3.816084191203117371e-02
-9.085627645254135132e-02
-1.015004590153694153e-01
3.042847290635108948e-02
4.869505017995834351e-02
-1.043505296111106873e-01
7.140410691499710083e-02
1.273727118968963623e-01
-6.022105365991592407e-02
-7.933527976274490356e-02
8.390292525291442871e-02
-1.032360419631004333e-01
-5.650025606155395508e-02
1.421173810958862305e-01
2.225166372954845428e-02
-2.277339063584804535e-02
-2.619334682822227478e-02
5.712452158331871033e-02
-1.433926224708557129e-01
-1.403946895152330399e-02
-4.886806756258010864e-02
-2.690223045647144318e-02
-6.543573737144470215e-02
8.136726170778274536e-02
6.475700065493583679e-04
-6.497191637754440308e-02
2.752741274889558554e-04
9.209748357534408569e-03
-1.154859438538551331e-01
-9.344060719013214111e-02
-7.661370933055877686e-02
-6.978402286767959595e-02
-1.839663600549101830e-04
-1.366540938615798950e-01
4.122154414653778076e-02
4.719985276460647583e-02
9.739613160490989685e-04
-5.940599739551544189e-02
-1.172070503234863281e-01
-3.775238245725631714e-02
-4.265548661351203918e-02
4.598325118422508240e-02
-3.485013730823993683e-03
-3.998792171478271484e-02
1.099463105201721191e-01
3.492419421672821045e-02
2.977011166512966156e-02
-5.713251605629920959e-02
-5.717289634048938751e-03
6.149436533451080322e-02
-1.252707839012145996e-02
-2.973669953644275665e-02
-1.408800333738327026e-01
9.202159941196441650e-03
1.391676720231771469e-02
1.221825182437896729e-01
4.202249646186828613e-02
-4.797596018761396408e-03
2.362615056335926056e-02
1.215076297521591187e-01
-1.032416671514511108e-01
2.033111453056335449e-02
3.868560120463371277e-02
2.239197678864002228e-02
7.463785260915756226e-02
-2.073354423046112061e-01
2.748956717550754547e-02
-2.456529438495635986e-02
9.869811683893203735e-02
1.588800922036170959e-03
3.233326599001884460e-02
6.418366730213165283e-02
-2.015157416462898254e-02
-1.643450930714607239e-02
-5.864472687244415283e-02
-8.343327790498733521e-02
6.086967140436172485e-02
-1.095924600958824158e-01
7.377126067876815796e-02
-1.059292182326316833e-01
-2.527199685573577881e-01
7.290283590555191040e-02
-2.618831116706132889e-03
-1.999138854444026947e-02
-4.264233168214559555e-03
9.570056200027465820e-02
2.354826964437961578e-02
-6.294583529233932495e-02
-9.077090770006179810e-03
7.070322334766387939e-02
7.708261162042617798e-02
3.731555864214897156e-02
4.311644285917282104e-02
-2.349086105823516846e-02
1.509151011705398560e-01
