4.121046364307403564e-01
2.513765990734100342e-01
-5.488794762641191483e-03
-7.526788860559463501e-03
-6.369777768850326538e-02
4.112812131643295288e-02
3.064164817333221436e-01
1.354795694351196289e-01
1.090049669146537781e-01
-3.392377402633428574e-03
8.722641319036483765e-02
1.945028081536293030e-02
1.846912503242492676e-01
-1.068551167845726013e-01
2.451124042272567749e-01
4.887677431106567383e-01
3.234055638313293457e-01
8.482139557600021362e-02
9.415904432535171509e-02
4.418579638004302979e-01
1.089883744716644287e-01
-2.222444266080856323e-01
7.514610141515731812e-02
4.027198851108551025e-01
2.012883722782135010e-01
2.986025938298553228e-04
4.026856422424316406e-01
-2.408168837428092957e-02
2.937222123146057129e-01
2.633629143238067627e-01
2.551709711551666260e-01
-7.522273808717727661e-02
1.208068206906318665e-01
1.295198202133178711e-01
5.485279485583305359e-03
1.335069835186004639e-01
3.809131085872650146e-01
3.313329219818115234e-01
7.650613039731979370e-02
2.441024407744407654e-02
1.297716330736875534e-02
1.017760112881660461e-01
1.883693039417266846e-02
1.611115336418151855e-01
2.286314032971858978e-02
1.567224860191345215e-01
-6.888133287429809570e-02
3.635281026363372803e-01
1.699038445949554443e-01
2.134488523006439209e-01
-2.775608096271753311e-03
2.625611126422882080e-01
6.238180026412010193e-02
4.075179696083068848e-01
2.716558277606964111e-01
3.456358611583709717e-01
2.523981928825378418e-01
2.249762564897537231e-01
-3.456089273095130920e-02
1.308702956885099411e-02
6.724724173545837402e-02
2.027636915445327759e-01
8.703287690877914429e-02
1.974379420280456543e-01
3.354693949222564697e-01
1.679124236106872559e-01
3.343544602394104004e-01
1.563924103975296021e-01
1.752158850431442261e-01
1.750952005386352539e-01
1.077191159129142761e-01
3.459879159927368164e-01
1.752016395330429077e-01
2.389773726463317871e-01
3.436391055583953857e-01
2.679586410522460938e-01
-1.783038824796676636e-01
1.574276983737945557e-01
2.074425220489501953e-01
-1.063176244497299194e-01
2.777442634105682373e-01
2.627671957015991211e-01
1.057692095637321472e-01
1.828401088714599609e-01
-7.288297265768051147e-02
2.138035446405410767e-01
3.623794317245483398e-01
2.674224972724914551e-01
5.160072073340415955e-02
-7.725040614604949951e-02
4.363959729671478271e-01
2.388453185558319092e-01
1.618373990058898926e-01
1.849834620952606201e-01
2.912375330924987793e-01
2.108536958694458008e-01
1.210578009486198425e-01
3.106639683246612549e-01
-4.298424720764160156e-02
2.196805477142333984e-01
2.272458076477050781e-01
1.241030320525169373e-01
4.526134729385375977e-01
-7.271489128470420837e-03
6.510309129953384399e-02
1.936698406934738159e-01
8.483193069696426392e-02
3.041268885135650635e-01
2.254766672849655151e-01
1.972474455833435059e-01
3.956801593303680420e-01
-1.413120143115520477e-02
3.573999702930450439e-01
1.926698386669158936e-01
3.954677656292915344e-02
-3.631633892655372620e-02
2.140412926673889160e-01
-2.551236562430858612e-02
6.784176081418991089e-02
-1.436988115310668945e-01
2.026108354330062866e-01
4.214923679828643799e-01
3.343147933483123779e-01
-5.276562273502349854e-02
3.406420350074768066e-01
5.552040785551071167e-02
-1.707604527473449707e-01
1.977528184652328491e-01
