9.215054661035537720e-02
9.209524095058441162e-02
2.863886952400207520e-01
2.489545941352844238e-01
8.902949839830398560e-02
-3.018212690949440002e-02
-3.962548449635505676e-02
-2.437599748373031616e-01
2.135792225599288940e-01
1.143677011132240295e-01
1.790048629045486450e-01
-6.207033991813659668e-02
2.122086286544799805e-01
6.429981905966997147e-03
1.401282846927642822e-01
-1.111263036727905273e-01
1.602497845888137817e-01
1.098589375615119934e-01
1.649631708860397339e-01
-2.321342229843139648e-01
-2.888110838830471039e-02
7.739241421222686768e-02
-2.102092802524566650e-01
1.709005832672119141e-01
1.002587229013442993e-01
-1.012664381414651871e-02
-2.696394026279449463e-01
1.068008244037628174e-01
1.554367244243621826e-01
1.607871502637863159e-01
1.384596526622772217e-01
6.444643437862396240e-02
1.879469603300094604e-01
1.128824278712272644e-01
4.146925508975982666e-01
-6.224722042679786682e-02
1.171574965119361877e-01
-9.568650275468826294e-02
2.438604459166526794e-02
-1.397889554500579834e-01
1.249764114618301392e-01
-5.583063233643770218e-03
1.630337685346603394e-01
-1.721899211406707764e-01
-2.666116878390312195e-02
5.444532260298728943e-02
1.941519975662231445e-01
2.126563194906339049e-04
2.270026206970214844e-01
-8.546064049005508423e-02
-2.850064635276794434e-01
7.869669236242771149e-03
1.598521918058395386e-01
-4.690984636545181274e-02
-8.531644940376281738e-02
-2.781513035297393799e-01
2.667263150215148926e-01
1.947118341922760010e-01
-1.485013961791992188e-01
-3.017445653676986694e-02
8.798363804817199707e-02
1.645980775356292725e-02
7.151376456022262573e-02
1.204737871885299683e-01
-2.007738947868347168e-01
-6.815898418426513672e-02
8.524394780397415161e-02
-1.276912689208984375e-01
1.528456062078475952e-01
3.951245844364166260e-01
-6.621020287275314331e-02
1.485816240310668945e-01
3.719303309917449951e-01
8.611097186803817749e-02
9.838688373565673828e-02
3.429016470909118652e-01
8.818709850311279297e-02
2.052630931138992310e-01
1.255805045366287231e-01
1.502203792333602905e-01
1.357397995889186859e-03
2.072086036205291748e-01
7.257709652185440063e-02
2.508283257484436035e-01
3.238103911280632019e-02
1.248926967382431030e-01
-9.981110692024230957e-02
-4.225185886025428772e-02
-7.657742500305175781e-02
-1.826537996530532837e-01
2.027248591184616089e-01
-5.894491821527481079e-02
1.415972858667373657e-01
3.401413261890411377e-01
8.556376397609710693e-02
2.307507768273353577e-02
6.831501424312591553e-02
1.190019324421882629e-01
2.286572456359863281e-01
3.450782001018524170e-01
2.411159127950668335e-01
2.924165129661560059e-01
1.504284739494323730e-01
2.289996445178985596e-01
7.100388407707214355e-02
3.387522399425506592e-01
-1.065656263381242752e-02
2.167425602674484253e-01
1.694701761007308960e-01
2.661276161670684814e-01
2.362784743309020996e-01
2.282924354076385498e-01
-8.820766955614089966e-02
2.460093349218368530e-01
-1.393381133675575256e-02
5.415637791156768799e-02
1.041117608547210693e-01
2.979653328657150269e-02
2.635817825794219971e-01
-6.437616050243377686e-02
2.454568445682525635e-01
2.388379722833633423e-01
-1.911914497613906860e-01
2.160571366548538208e-01
5.547013506293296814e-02
8.755563944578170776e-02
2.176517397165298462e-01
1.037179608829319477e-03
1.558303087949752808e-01
3.375636935234069824e-01
3.387668430805206299e-01
7.014888525009155273e-02
2.871691286563873291e-01
-7.120031863451004028e-02
-1.415799856185913086e-01
1.696644276380538940e-01
3.811833560466766357e-01
8.337349444627761841e-02
1.757812947034835815e-01
3.072687424719333649e-02
2.433867007493972778e-01
2.376474738121032715e-01
1.835191100835800171e-01
4.366716369986534119e-02
6.059067323803901672e-02
3.314042463898658752e-03
3.745063245296478271e-01
4.122034832835197449e-02
2.155360877513885498e-01
1.468999236822128296e-01
2.246620953083038330e-01
1.067919060587882996e-01
-3.110768087208271027e-02
2.357549779117107391e-02
1.992358565330505371e-01
-1.450362242758274078e-02
-7.394240796566009521e-02
2.703665792942047119e-01
2.117486298084259033e-01
-1.122578531503677368e-01
-1.735099218785762787e-02
1.727887690067291260e-01
2.180484384298324585e-01
4.516466706991195679e-02
2.489831596612930298e-01
8.184079825878143311e-02
-4.166082292795181274e-02
1.430252045392990112e-01
3.905220031738281250e-01
2.104446887969970703e-01
2.485199719667434692e-01
7.312148809432983398e-02
-1.014535203576087952e-01
2.553583383560180664e-01
2.489882856607437134e-01
5.780633538961410522e-02
7.195151876658201218e-03
7.137684524059295654e-02
2.009471803903579712e-01
8.312088437378406525e-03
1.803120076656341553e-01
-1.038913875818252563e-01
2.503698468208312988e-01
4.377585053443908691e-01
2.781912684440612793e-01
5.473716259002685547e-01
3.931584656238555908e-01
-3.110747933387756348e-01
2.284474670886993408e-01
1.869992017745971680e-01
1.061137318611145020e-01
-9.411953389644622803e-02
1.111223101615905762e-01
4.539970755577087402e-01
4.369682446122169495e-02
3.544139489531517029e-02
2.995895445346832275e-01
-6.261503696441650391e-02
1.790795177221298218e-01
8.551376312971115112e-02
2.838553190231323242e-01
3.234382569789886475e-01
-7.968690246343612671e-02
4.872475191950798035e-02
1.004458814859390259e-01
1.944067031145095825e-01
1.925030648708343506e-01
2.858749628067016602e-01
-7.420064881443977356e-03
-1.478628963232040405e-01
9.711302816867828369e-02
2.396409660577774048e-01
3.360425829887390137e-01
2.941492758691310883e-02
2.323798239231109619e-01
-1.367133855819702148e-01
2.045624405145645142e-01
2.563976943492889404e-01
2.516517937183380127e-01
2.098056823015213013e-01
-2.247252166271209717e-01
2.033760249614715576e-01
2.474056184291839600e-01
1.340292692184448242e-01
2.798553407192230225e-01
2.154572755098342896e-01
3.359551727771759033e-02
1.487494707107543945e-01
2.861346602439880371e-01
1.232926398515701294e-01
3.392476439476013184e-01
9.519077092409133911e-02
1.714657247066497803e-01
2.688793540000915527e-01
2.150240242481231689e-01
-1.377981621772050858e-02
-2.379383193328976631e-03
-2.958707045763731003e-03
-6.833991967141628265e-03
1.290225889533758163e-02
6.906382739543914795e-02
1.553757041692733765e-01
1.624816805124282837e-01
1.412466019392013550e-01
2.328452020883560181e-01
1.435322463512420654e-01
3.147486224770545959e-02
1.925869472324848175e-02
2.548824846744537354e-01
9.499152004718780518e-02
4.143015295267105103e-02
-3.671700507402420044e-02
1.222581490874290466e-01
-1.291105747222900391e-01
1.665740460157394409e-01
2.411589324474334717e-01
1.587647795677185059e-01
-4.897544533014297485e-02
-2.134494483470916748e-01
8.213242888450622559e-02
3.583683073520660400e-02
-1.373524963855743408e-01
3.092742860317230225e-01
2.768591940402984619e-01
4.598303511738777161e-02
2.933054566383361816e-01
2.964458167552947998e-01
-1.186728756874799728e-02
3.871035277843475342e-01
2.302389293909072876e-01
3.146386146545410156e-01
-5.737701058387756348e-02
-3.598999604582786560e-02
-2.774878591299057007e-02
2.609322369098663330e-01
3.506785631179809570e-01
3.261466026306152344e-01
-2.669729106128215790e-02
4.299089908599853516e-01
4.057293757796287537e-02
2.245293855667114258e-01
1.478915810585021973e-01
1.527861058712005615e-01
1.047562584280967712e-01
7.683594524860382080e-02
-6.259790807962417603e-02
-5.307327955961227417e-02
3.480506539344787598e-01
1.937787830829620361e-01
3.017161190509796143e-01
2.540818750858306885e-01
2.646092772483825684e-01
2.588899731636047363e-01
2.015502452850341797e-01
1.166797429323196411e-01
5.856309551745653152e-03
4.186590015888214111e-02
3.392553031444549561e-01
1.330741345882415771e-01
1.790934801101684570e-01
8.801268041133880615e-02
2.130328267812728882e-01
1.004835143685340881e-01
-1.647950336337089539e-02
1.773158162832260132e-01
1.552971154451370239e-01
2.474849671125411987e-01
7.873552292585372925e-02
7.592386007308959961e-02
4.504686966538429260e-02
1.886839717626571655e-01
1.497003883123397827e-01
7.452704757452011108e-02
3.882296383380889893e-01
1.550461202859878540e-01
2.605746090412139893e-01
3.907940536737442017e-02
2.500883936882019043e-01
2.534891068935394287e-01
1.415001899003982544e-01
2.021582424640655518e-02
5.422339215874671936e-02
1.264084875583648682e-01
2.063882499933242798e-01
3.252288699150085449e-01
9.741426259279251099e-02
2.543979883193969727e-01
-1.382504850625991821e-01
1.961185969412326813e-02
1.359869390726089478e-01
1.253378242254257202e-01
2.120492309331893921e-01
4.960864782333374023e-01
2.103073596954345703e-01
1.764587908983230591e-01
-4.857117682695388794e-02
3.427974879741668701e-02
1.835404038429260254e-01
4.853900074958801270e-01
1.211516931653022766e-01
1.212737709283828735e-02
3.906969353556632996e-02
2.830956596881151199e-03
1.647027879953384399e-01
-1.501617282629013062e-01
1.585546880960464478e-01
1.994335651397705078e-01
3.286069631576538086e-01
8.784670382738113403e-02
1.380412429571151733e-01
1.956312060356140137e-01
-4.154222831130027771e-02
-7.868014276027679443e-02
-1.447500437498092651e-01
5.095226690173149109e-02
1.681792736053466797e-01
4.050522446632385254e-01
1.647651381790637970e-02
1.491161286830902100e-01
1.303619593381881714e-01
1.557978540658950806e-01
-1.370407044887542725e-01
1.715541630983352661e-01
2.403552830219268799e-01
4.274093508720397949e-01
1.184805855154991150e-01
4.356742501258850098e-01
3.227115869522094727e-01
2.224473506212234497e-01
2.532844543457031250e-01
2.890400588512420654e-01
7.131832838058471680e-02
2.989570796489715576e-01
-4.550372064113616943e-02
1.016719266772270203e-01
-5.716765671968460083e-02
-2.355105616152286530e-02
1.848688274621963501e-01
2.797906398773193359e-01
-9.069382399320602417e-02
2.079972326755523682e-01
3.080794215202331543e-01
3.367256522178649902e-01
2.918775975704193115e-01
1.778873205184936523e-01
2.143605947494506836e-01
1.957702338695526123e-01
3.245339691638946533e-01
2.734493017196655273e-01
2.438337355852127075e-01
1.786768138408660889e-01
2.373506724834442139e-01
1.349470615386962891e-01
1.572408676147460938e-01
1.611475199460983276e-01
2.687592506408691406e-01
3.264785408973693848e-01
3.366818428039550781e-01
3.394401669502258301e-01
2.812331318855285645e-01
3.174759149551391602e-01
2.278727144002914429e-01
9.986557811498641968e-02
2.392554283142089844e-01
8.374740183353424072e-02
1.202332377433776855e-01
2.639379799365997314e-01
4.296857714653015137e-01
1.925572752952575684e-01
4.250217974185943604e-01
2.782231867313385010e-01
2.313839346170425415e-01
3.449333012104034424e-01
-1.340519636869430542e-01
-2.463780343532562256e-02
8.658529072999954224e-02
9.270510822534561157e-02
2.661910057067871094e-01
2.568733394145965576e-01
6.372930854558944702e-02
3.474539518356323242e-01
2.291258126497268677e-01
1.897414624691009521e-01
2.375025153160095215e-01
4.118842780590057373e-01
4.797051846981048584e-01
2.073372304439544678e-01
2.276058681309223175e-02
-7.510235905647277832e-02
3.091970980167388916e-01
4.385381639003753662e-01
1.726566851139068604e-01
1.178383082151412964e-01
1.444157212972640991e-01
5.111077800393104553e-02
3.711092472076416016e-01
4.899310767650604248e-01
1.336683928966522217e-01
2.988297492265701294e-02
2.590642571449279785e-01
9.262921661138534546e-02
9.571216255426406860e-02
2.822305262088775635e-01
3.435129821300506592e-01
1.254034489393234253e-01
-1.453992351889610291e-02
2.546049058437347412e-01
4.525911211967468262e-01
1.900954172015190125e-02
1.584755927324295044e-01
1.876954138278961182e-01
1.542349308729171753e-01
1.983541250228881836e-01
2.660204768180847168e-01
6.789938360452651978e-02
2.270092517137527466e-01
1.041778624057769775e-01
1.610868424177169800e-01
3.682422339916229248e-01
2.319979295134544373e-02
2.934208884835243225e-02
6.329865753650665283e-02
2.096272408962249756e-01
2.043142020702362061e-01
2.678537070751190186e-01
2.313875854015350342e-01
9.810211509466171265e-02
3.025301098823547363e-01
-8.026421070098876953e-03
3.657821416854858398e-01
2.708417773246765137e-01
1.491359174251556396e-01
2.487296760082244873e-01
1.611847430467605591e-01
3.144706487655639648e-01
2.214417159557342529e-01
-1.092011332511901855e-01
1.257243007421493530e-01
-5.800051614642143250e-02
5.082892999053001404e-02
2.453485727310180664e-01
5.094715952873229980e-01
2.141074985265731812e-01
6.239221245050430298e-02
2.070896923542022705e-01
4.084554314613342285e-01
2.276473492383956909e-01
7.770162541419267654e-03
4.320563748478889465e-02
-1.097121909260749817e-01
2.718746364116668701e-01
2.623899839818477631e-02
1.670648902654647827e-01
-6.475253403186798096e-02
-1.325399130582809448e-01
-5.828644707798957825e-02
4.421480298042297363e-01
-6.662642210721969604e-02
1.322454512119293213e-01
5.445712804794311523e-02
1.667543053627014160e-01
-1.120652183890342712e-01
7.217887043952941895e-02
3.672467470169067383e-01
1.591861844062805176e-01
2.556580603122711182e-01
1.129998490214347839e-01
2.690217196941375732e-01
4.156802594661712646e-02
3.317246139049530029e-01
2.142061740159988403e-01
8.313262462615966797e-02
3.466301411390304565e-02
4.233462810516357422e-01
3.170080482959747314e-01
2.993403375148773193e-01
6.278517656028270721e-03
-1.923196204006671906e-02
-4.180766269564628601e-02
1.974614113569259644e-01
2.048908025026321411e-01
6.605439633131027222e-02
1.241775378584861755e-01
9.138222783803939819e-02
1.219647526741027832e-01
1.831531673669815063e-01
1.568260043859481812e-02
3.371429145336151123e-01
1.418024748563766479e-01
3.368875682353973389e-01
2.548955678939819336e-01
5.870066955685615540e-02
-1.625877916812896729e-01
2.753859013319015503e-02
3.330639004707336426e-01
-1.678341627120971680e-02
1.659505963325500488e-01
2.298014760017395020e-01
1.321794390678405762e-01
6.189275532960891724e-02
1.812983304262161255e-01
3.082928657531738281e-01
4.776505753397941589e-02
2.109488695859909058e-01
1.072084829211235046e-01
1.145858839154243469e-01
-8.742639422416687012e-02
5.028969421982765198e-02
1.508381962776184082e-01
4.028035793453454971e-03
3.547737300395965576e-01
2.652015984058380127e-01
9.670014679431915283e-02
3.191393613815307617e-01
2.077109813690185547e-01
-1.203725188970565796e-01
1.951881200075149536e-01
2.370561957359313965e-01
2.380818873643875122e-01
2.695695757865905762e-01
6.122589111328125000e-02
1.663421243429183960e-01
7.465575635433197021e-02
3.143179416656494141e-01
2.207013815641403198e-01
1.364910751581192017e-01
1.839286983013153076e-01
1.623385548591613770e-01
2.297882176935672760e-02
1.932668089866638184e-01
1.523132920265197754e-01
9.000254422426223755e-02
8.305276185274124146e-02
1.876052320003509521e-01
1.352970395237207413e-02
9.214851260185241699e-02
-7.981255650520324707e-03
4.378190264105796814e-02
2.382003515958786011e-01
3.235020488500595093e-02
3.040424287319183350e-01
2.460721731185913086e-01
1.093209311366081238e-01
4.048497080802917480e-01
7.933548092842102051e-02
1.580858528614044189e-01
2.493349760770797729e-01
1.833611428737640381e-01
-7.810580730438232422e-02
3.040159344673156738e-01
1.469017937779426575e-02
-1.305679082870483398e-01
4.209659099578857422e-01
2.907892167568206787e-01
3.078958690166473389e-01
1.391422450542449951e-01
2.339007332921028137e-03
2.845979630947113037e-01
3.517140150070190430e-01
2.755254209041595459e-01
1.674506217241287231e-01
1.219141855835914612e-01
2.280698418617248535e-01
1.405096650123596191e-01
2.188972979784011841e-01
1.343960780650377274e-02
3.235143423080444336e-01
4.531509876251220703e-01
2.558791041374206543e-01
9.165719896554946899e-02
-4.059594497084617615e-02
4.100554883480072021e-01
3.770531415939331055e-01
3.558492958545684814e-01
2.077254354953765869e-01
3.020423650741577148e-01
3.282066881656646729e-01
4.034458994865417480e-01
3.202889263629913330e-01
2.062764465808868408e-01
1.871724426746368408e-01
1.926674693822860718e-01
2.227343767881393433e-01
1.798873096704483032e-01
-5.735578760504722595e-02
3.538713604211807251e-02
3.846377730369567871e-01
1.877157986164093018e-01
3.493077158927917480e-01
1.380316019058227539e-01
1.322812288999557495e-01
3.072407841682434082e-01
4.298576712608337402e-01
3.544793277978897095e-02
3.465344607830047607e-01
3.711962401866912842e-01
2.387271374464035034e-01
2.727432250976562500e-01
2.534744739532470703e-01
2.956878840923309326e-01
2.022533565759658813e-01
-3.713176026940345764e-02
2.905797362327575684e-01
-5.287089943885803223e-02
1.204489693045616150e-01
2.250776141881942749e-01
-7.144074141979217529e-02
4.364803433418273926e-01
2.149824053049087524e-01
1.148754432797431946e-01
3.349514007568359375e-01
4.058034121990203857e-01
7.250025868415832520e-02
1.831277757883071899e-01
3.316839784383773804e-02
1.798851788043975830e-01
-1.320550739765167236e-01
1.444465219974517822e-01
-7.294949889183044434e-02
3.804543316364288330e-01
2.668282687664031982e-01
1.662669181823730469e-01
8.543729782104492188e-02
1.945149302482604980e-01
1.436557173728942871e-01
1.049041450023651123e-01
7.442395389080047607e-02
9.687273949384689331e-02
3.504975140094757080e-01
1.936135292053222656e-01
7.454735040664672852e-02
2.253559418022632599e-02
2.423694282770156860e-01
2.299362868070602417e-01
3.210140168666839600e-01
-1.069163456559181213e-01
-6.158985570073127747e-02
2.808983810245990753e-02
-1.008512359112501144e-02
4.328742995858192444e-02
2.580332756042480469e-01
2.243807166814804077e-01
2.939264476299285889e-01
1.113849133253097534e-01
8.633521944284439087e-02
2.032615095376968384e-01
1.316208243370056152e-01
2.493034750223159790e-01
3.997518215328454971e-03
1.979307532310485840e-01
-1.299589127302169800e-01
-8.101312071084976196e-02
9.501480311155319214e-02
2.350878417491912842e-01
2.285132557153701782e-01
2.047359943389892578e-01
-1.480626016855239868e-01
1.719823628664016724e-01
1.409611999988555908e-01
2.105349004268646240e-01
3.072415590286254883e-01
2.329588085412979126e-01
3.401660323143005371e-01
1.973035633563995361e-01
2.042685747146606445e-01
-4.724211990833282471e-02
1.018735617399215698e-01
3.455972075462341309e-01
2.065362185239791870e-01
4.053684771060943604e-01
2.381092607975006104e-01
1.079400926828384399e-01
7.920298725366592407e-02
3.740836381912231445e-01
2.750999033451080322e-01
3.227231800556182861e-01
-3.384412825107574463e-02
9.098530560731887817e-02
2.782609760761260986e-01
2.922914177179336548e-02
-5.191216245293617249e-02
2.598391473293304443e-01
1.148152127861976624e-01
-1.024590153247117996e-02
4.712367355823516846e-01
1.801952868700027466e-01
1.133550778031349182e-01
1.790163815021514893e-01
-9.948790073394775391e-02
5.088113620877265930e-02
2.695725262165069580e-01
2.030539363622665405e-01
3.103920817375183105e-01
3.413412272930145264e-01
2.000061869621276855e-01
-4.041212797164916992e-02
8.331694453954696655e-02
1.084264293313026428e-01
-1.020529214292764664e-02
1.443778276443481445e-01
2.402239292860031128e-01
1.764663122594356537e-02
-2.026036940515041351e-02
1.180588660645298660e-04
6.746165454387664795e-02
5.716764330863952637e-01
1.846273839473724365e-01
2.731236219406127930e-01
1.608407199382781982e-01
3.586271703243255615e-01
2.698314785957336426e-01
-8.178368210792541504e-02
-1.539845764636993408e-01
3.855869174003601074e-01
1.754891127347946167e-01
-2.433294802904129028e-02
2.575970590114593506e-01
1.222697421908378601e-01
2.631660699844360352e-01
6.587027013301849365e-02
2.517997622489929199e-01
-8.508639782667160034e-02
1.554810702800750732e-01
2.735999226570129395e-01
2.240745276212692261e-01
2.118573524057865143e-02
7.413557171821594238e-02
1.342328935861587524e-01
8.681139349937438965e-02
1.912813931703567505e-01
2.666407823562622070e-01
-6.071200221776962280e-02
-1.574652851559221745e-03
4.003768563270568848e-01
6.713315844535827637e-02
-2.989903092384338379e-01
3.530865311622619629e-01
3.739517331123352051e-01
2.244758605957031250e-02
-5.177518352866172791e-02
1.102472394704818726e-01
5.772705189883708954e-03
3.744141757488250732e-02
4.281604290008544922e-02
1.267102956771850586e-01
4.782867804169654846e-02
2.082480490207672119e-01
3.271493017673492432e-01
2.312765270471572876e-01
-8.619952015578746796e-03
2.913702428340911865e-01
-1.859940961003303528e-02
1.949403136968612671e-01
8.885230123996734619e-02
4.031976759433746338e-01
1.458426192402839661e-02
2.250843495130538940e-02
-7.307958602905273438e-02
2.122732698917388916e-01
2.896565794944763184e-01
3.004797995090484619e-01
9.458199888467788696e-02
1.056878268718719482e-01
3.684870004653930664e-01
4.319739341735839844e-01
5.435264706611633301e-01
2.631480097770690918e-01
4.484337940812110901e-02
3.328377604484558105e-01
7.947141677141189575e-02
1.957595795392990112e-01
1.165918856859207153e-01
7.912643998861312866e-02
2.185531705617904663e-01
7.978314906358718872e-02
2.001805752515792847e-01
1.179024800658226013e-01
-1.422133855521678925e-02
1.315070986747741699e-01
8.554428070783615112e-02
2.054576277732849121e-01
1.498347818851470947e-01
1.540620923042297363e-01
2.200108617544174194e-01
1.909184036776423454e-03
3.596362173557281494e-01
3.257649242877960205e-01
-3.581436350941658020e-02
1.972279325127601624e-02
2.372375577688217163e-01
2.203755378723144531e-01
-1.727373898029327393e-02
2.147782035171985626e-02
2.826265394687652588e-01
1.413406282663345337e-01
-2.772769890725612640e-02
-2.254608459770679474e-02
1.218471601605415344e-01
1.792158037424087524e-01
1.839424073696136475e-01
1.956554949283599854e-01
1.726810187101364136e-01
-1.457976400852203369e-01
6.038815528154373169e-02
-5.274301767349243164e-02
-6.220176350325345993e-03
2.727420926094055176e-01
1.743908077478408813e-01
2.755622863769531250e-01
3.153615593910217285e-01
-9.585050493478775024e-02
2.021566405892372131e-02
5.854282062500715256e-03
1.931743323802947998e-01
-2.788535878062248230e-02
4.201788604259490967e-01
2.201639860868453979e-01
1.394579708576202393e-01
2.622463107109069824e-01
2.131747156381607056e-01
3.298861086368560791e-01
1.460236124694347382e-02
1.018534302711486816e-01
8.349376171827316284e-02
4.996619373559951782e-02
-7.377818971872329712e-02
-5.785607919096946716e-02
1.861836165189743042e-01
8.685372024774551392e-02
5.314093455672264099e-02
3.516498208045959473e-01
1.974681466817855835e-01
-1.331043709069490433e-02
1.719069480895996094e-01
1.122018322348594666e-01
-3.866574540734291077e-02
4.141471683979034424e-01
3.205185830593109131e-01
1.659345626831054688e-02
2.908177673816680908e-01
3.218112885951995850e-01
4.662396013736724854e-01
7.041747868061065674e-02
-1.802408136427402496e-02
-4.111468046903610229e-02
4.933934658765792847e-02
3.466208875179290771e-01
7.491759955883026123e-02
5.111415684223175049e-02
3.778839409351348877e-01
1.799337863922119141e-01
1.111040264368057251e-01
2.165163904428482056e-01
8.640723675489425659e-02
1.542889177799224854e-01
2.027636468410491943e-01
-4.614988574758172035e-04
4.589970409870147705e-01
-6.703297793865203857e-02
1.185560151934623718e-01
-1.475427765399217606e-02
-1.614626497030258179e-02
-2.311337888240814209e-01
2.670474648475646973e-01
5.806675925850868225e-02
-1.223696619272232056e-01
6.631650030612945557e-02
2.647255957126617432e-01
3.234836459159851074e-01
1.927683055400848389e-01
-6.622097641229629517e-02
2.035420089960098267e-01
2.930684387683868408e-01
-1.285168081521987915e-01
-1.213745251297950745e-01
1.483253389596939087e-01
1.711563318967819214e-01
2.626597881317138672e-01
3.412888646125793457e-01
2.530544996261596680e-01
1.561777293682098389e-01
4.810837507247924805e-01
-4.661255329847335815e-02
6.096133589744567871e-02
2.094337902963161469e-02
2.768284827470779419e-02
1.924989968538284302e-01
3.601068556308746338e-01
-2.213968764408491552e-05
2.472751289606094360e-01
-1.190690174698829651e-01
3.277225792407989502e-01
1.189796999096870422e-01
-2.609201148152351379e-02
-1.190086305141448975e-01
1.646466702222824097e-01
2.816764414310455322e-01
2.461087256669998169e-01
1.688947230577468872e-01
7.649952080100774765e-03
1.902133375406265259e-01
4.872632026672363281e-02
1.134503632783889771e-01
2.316525280475616455e-01
4.071934223175048828e-01
-4.039740562438964844e-02
8.884923905134201050e-02
9.999778121709823608e-02
1.169146522879600525e-01
2.465230077505111694e-01
2.852015197277069092e-01
-6.870002299547195435e-02
3.608606159687042236e-01
2.129201740026473999e-01
1.276494711637496948e-01
2.293521463871002197e-01
9.616249799728393555e-02
2.550301253795623779e-01
1.434570699930191040e-01
2.345720231533050537e-01
-6.185379251837730408e-02
-1.817057467997074127e-02
2.828153669834136963e-01
4.444003105163574219e-02
3.597195446491241455e-02
1.932319551706314087e-01
4.671393930912017822e-01
2.633374929428100586e-01
3.061096183955669403e-02
2.532998025417327881e-01
1.757118105888366699e-01
1.802850663661956787e-01
4.869814496487379074e-03
1.618623286485671997e-01
3.231908082962036133e-01
1.282424926757812500e-01
5.533527135848999023e-01
5.143099930137395859e-03
1.568965315818786621e-01
-8.480547927320003510e-03
-1.203572973608970642e-01
2.594781816005706787e-01
3.035282492637634277e-01
2.349783927202224731e-01
3.565079271793365479e-01
1.735633313655853271e-01
-1.391798555850982666e-01
3.030819818377494812e-02
2.010710537433624268e-01
5.210580304265022278e-02
-5.972648784518241882e-02
-5.666833370923995972e-02
1.691683083772659302e-01
2.084236741065979004e-01
7.068639248609542847e-02
1.741325706243515015e-01
7.687569409608840942e-02
5.733655765652656555e-02
-1.119643077254295349e-01
3.487050235271453857e-01
5.959461256861686707e-02
1.280847284942865372e-02
4.217681288719177246e-02
2.562177181243896484e-01
2.150198072195053101e-01
2.056816220283508301e-01
1.056644394993782043e-01
-7.936996407806873322e-03
1.253639608621597290e-01
-1.105577871203422546e-02
1.437632590532302856e-01
2.353246361017227173e-01
3.997240588068962097e-02
1.383741199970245361e-01
1.517612189054489136e-01
-1.622884422540664673e-01
2.963912785053253174e-01
-1.764132641255855560e-02
1.371001452207565308e-01
3.474159240722656250e-01
-4.646173492074012756e-02
1.820463985204696655e-01
2.565262317657470703e-01
-6.848803162574768066e-02
2.802358865737915039e-01
5.406232550740242004e-02
2.917832434177398682e-01
-1.591051369905471802e-02
-2.146119438111782074e-02
1.508211791515350342e-01
1.994524449110031128e-01
3.001966774463653564e-01
-8.809399604797363281e-02
2.340761572122573853e-01
3.566041588783264160e-01
1.211887747049331665e-01
1.755831688642501831e-01
2.410443872213363647e-01
-6.552307307720184326e-02
2.174191921949386597e-01
2.501001656055450439e-01
9.224601089954376221e-02
1.487534642219543457e-01
8.055907487869262695e-02
2.013649642467498779e-01
-8.900845795869827271e-02
2.944518327713012695e-01
1.083912849426269531e-01
1.479651033878326416e-01
9.708217531442642212e-02
2.470239549875259399e-01
1.229527294635772705e-01
7.077465951442718506e-02
2.262136340141296387e-01
5.053716152906417847e-02
1.152690723538398743e-01
1.232377737760543823e-01
-2.639085985720157623e-02
1.049664914608001709e-01
3.062409460544586182e-01
1.621333509683609009e-01
2.941202521324157715e-01
2.075988650321960449e-01
4.875711724162101746e-02
1.095978245139122009e-01
1.410155594348907471e-01
2.969085872173309326e-01
1.015247404575347900e-01
1.899571269750595093e-01
1.571113765239715576e-01
2.602817714214324951e-01
3.052216470241546631e-01
3.124957084655761719e-01
-2.958799339830875397e-02
5.701122283935546875e-01
1.148869246244430542e-01
3.755674064159393311e-01
8.351917564868927002e-02
3.436295688152313232e-01
-3.066527843475341797e-01
2.325107008218765259e-01
3.486487865447998047e-01
1.884892284870147705e-01
5.464606881141662598e-01
3.534419834613800049e-01
3.935006260871887207e-02
6.543372571468353271e-02
2.770559489727020264e-01
1.302729249000549316e-01
5.939571931958198547e-02
-9.472516179084777832e-02
-5.281968787312507629e-02
3.620117306709289551e-01
9.582869708538055420e-02
1.390921175479888916e-01
3.129177093505859375e-01
1.739434748888015747e-01
3.391458988189697266e-01
1.104678492993116379e-02
5.652771797031164169e-03
-2.210698276758193970e-02
1.657869070768356323e-01
2.605476379394531250e-01
2.096772640943527222e-01
3.651257753372192383e-01
2.466651052236557007e-01
2.422895282506942749e-01
1.660575866699218750e-01
7.523316144943237305e-02
1.644544750452041626e-01
3.850253224372863770e-01
4.007498919963836670e-01
2.967991828918457031e-01
1.392370369285345078e-02
2.003501653671264648e-01
-1.191636919975280762e-01
3.242087662220001221e-01
1.590656191110610962e-01
3.586513223126530647e-03
-5.403838679194450378e-02
3.328930139541625977e-01
2.387038618326187134e-01
-6.867602467536926270e-03
4.467982947826385498e-01
3.668871819972991943e-01
1.408910751342773438e-01
2.328057885169982910e-01
2.913447320461273193e-01
3.241717517375946045e-01
3.630267828702926636e-02
1.634413450956344604e-01
2.554072439670562744e-01
2.860469184815883636e-02
1.492358148097991943e-01
3.695654273033142090e-01
2.184406369924545288e-01
1.972131431102752686e-01
-7.484422996640205383e-03
-6.745723634958267212e-02
3.136759996414184570e-01
1.373088806867599487e-01
2.639682888984680176e-01
1.091090738773345947e-01
1.898576617240905762e-01
-1.160725369118154049e-04
9.445931762456893921e-02
1.992944926023483276e-01
2.116013765335083008e-01
1.131799891591072083e-01
3.322570398449897766e-02
1.856018602848052979e-01
-6.868359446525573730e-02
1.469198614358901978e-01
1.893450468778610229e-01
8.851213008165359497e-02
2.173958122730255127e-01
2.623978257179260254e-01
1.800599694252014160e-01
3.090615756809711456e-02
2.386790812015533447e-01
2.535824179649353027e-01
3.217034041881561279e-01
2.046919018030166626e-01
5.391297340393066406e-01
3.031476028263568878e-02
-1.297630816698074341e-01
2.337562106549739838e-02
-9.800441563129425049e-02
1.775015443563461304e-01
5.320905521512031555e-02
2.297084927558898926e-01
-2.618414722383022308e-02
4.248526990413665771e-01
2.759273350238800049e-01
-9.040989913046360016e-03
1.054869294166564941e-01
-7.993350923061370850e-02
2.303953468799591064e-01
1.322052180767059326e-01
6.007972732186317444e-02
5.705936998128890991e-02
7.198090106248855591e-02
3.899984955787658691e-01
-1.758643835783004761e-01
1.653756946325302124e-01
3.701559901237487793e-01
1.067942008376121521e-01
2.047344148159027100e-01
-2.664697915315628052e-02
1.817526817321777344e-01
2.430221140384674072e-01
3.323951065540313721e-01
3.042994737625122070e-01
3.874969780445098877e-01
2.044323831796646118e-01
1.111617758870124817e-01
2.769399881362915039e-01
4.193313419818878174e-02
1.331761926412582397e-01
3.125828802585601807e-01
-1.777401007711887360e-02
1.022747978568077087e-01
3.340184986591339111e-01
1.777565926313400269e-01
3.178887069225311279e-01
2.748335301876068115e-01
2.488830387592315674e-01
-9.920998662710189819e-02
2.638652026653289795e-01
-5.378530919551849365e-02
1.893213838338851929e-01
5.857451632618904114e-02
1.214983873069286346e-02
3.676958084106445312e-01
5.053335800766944885e-02
1.140812337398529053e-01
2.261403948068618774e-01
2.693413197994232178e-02
2.276246398687362671e-01
1.730481088161468506e-01
1.173197701573371887e-01
1.928935497999191284e-01
2.941287159919738770e-01
-1.212121546268463135e-01
3.006928563117980957e-01
-5.255448818206787109e-02
2.564494013786315918e-01
9.294943511486053467e-02
-1.468331366777420044e-01
5.143175721168518066e-01
5.914044752717018127e-02
5.018838867545127869e-02
8.480817824602127075e-02
8.602493256330490112e-02
4.609749317169189453e-01
3.543665707111358643e-01
1.987781673669815063e-01
2.441502809524536133e-01
1.985303014516830444e-01
2.112954109907150269e-01
-4.258921369910240173e-02
3.185627758502960205e-01
1.039340868592262268e-01
8.225494623184204102e-02
1.732275485992431641e-01
2.063600122928619385e-01
1.579417884349822998e-01
6.850165128707885742e-02
1.256121546030044556e-01
2.512737214565277100e-01
8.248566649854183197e-03
2.943453490734100342e-01
-3.601396083831787109e-02
2.904648482799530029e-01
-6.834691762924194336e-02
3.361770212650299072e-01
3.274089992046356201e-01
6.939426064491271973e-03
2.030535787343978882e-01
1.612118482589721680e-01
3.611362576484680176e-01
2.895140647888183594e-01
3.724065795540809631e-02
8.477015048265457153e-02
2.885918132960796356e-02
3.512770235538482666e-01
8.386062690988183022e-04
8.452489227056503296e-02
2.738005518913269043e-01
1.395623981952667236e-01
-3.266340354457497597e-03
2.821074798703193665e-02
3.344606459140777588e-01
-1.605961918830871582e-01
1.192343086004257202e-01
2.455382794141769409e-01
5.723013728857040405e-02
3.505455851554870605e-01
8.388691581785678864e-03
-1.638253927230834961e-01
-8.547444641590118408e-02
-1.855217851698398590e-02
3.136257454752922058e-02
2.421701997518539429e-01
7.066461839713156223e-04
6.199864204972982407e-03
1.382462531328201294e-01
4.903360307216644287e-01
3.100317716598510742e-01
2.532675266265869141e-01
3.375178202986717224e-02
2.347461730241775513e-01
1.365335881710052490e-01
1.165706887841224670e-01
2.806884795427322388e-02
6.039937213063240051e-02
4.719226956367492676e-01
2.006943076848983765e-01
1.673596352338790894e-01
1.097492948174476624e-01
1.980450153350830078e-01
-1.611188985407352448e-02
1.542834639549255371e-01
3.266315162181854248e-01
6.093668937683105469e-01
9.428699314594268799e-02
1.623633503913879395e-01
5.720908939838409424e-02
1.225346773862838745e-01
2.207323759794235229e-01
1.867836713790893555e-01
3.313722610473632812e-01
3.402800261974334717e-01
2.510598897933959961e-01
-3.128699213266372681e-02
3.756609046831727028e-03
1.316501796245574951e-01
9.916228801012039185e-02
3.352415561676025391e-02
6.636184453964233398e-02
-4.613451287150382996e-02
6.985048949718475342e-02
3.719532489776611328e-01
-7.072765380144119263e-03
2.289757579565048218e-01
3.439795374870300293e-01
-1.855603456497192383e-01
4.481410384178161621e-01
2.328670471906661987e-01
3.348398804664611816e-01
1.881489157676696777e-01
2.318016141653060913e-01
2.082834541797637939e-01
2.035281807184219360e-01
-1.939053274691104889e-02
-5.457570403814315796e-02
1.468909382820129395e-01
-2.516588196158409119e-02
1.945623010396957397e-01
6.716129928827285767e-02
3.921678662300109863e-01
3.502551317214965820e-01
1.093234941363334656e-01
4.141474664211273193e-01
2.431651502847671509e-01
2.089975923299789429e-01
3.317217528820037842e-01
1.108224689960479736e-01
5.027705058455467224e-02
9.162753820419311523e-02
1.903072446584701538e-01
-4.390200972557067871e-02
1.569317728281021118e-01
3.767320141196250916e-02
2.726458311080932617e-01
5.359683930873870850e-02
1.337943878024816513e-02
1.977275460958480835e-01
1.636525541543960571e-01
1.219789460301399231e-01
2.194994240999221802e-01
3.267736434936523438e-01
8.098389953374862671e-03
3.430579602718353271e-01
1.842496544122695923e-02
3.002005219459533691e-01
4.431459605693817139e-01
4.725006222724914551e-02
-5.165335536003112793e-02
1.489600688219070435e-01
2.367942482233047485e-01
2.270503640174865723e-01
1.913740113377571106e-02
5.575099587440490723e-01
1.002822294831275940e-01
-9.435279667377471924e-02
1.580274552106857300e-01
9.780794382095336914e-03
5.047819390892982483e-02
9.041746705770492554e-02
9.943918883800506592e-02
2.310227453708648682e-01
1.464348733425140381e-01
1.739164143800735474e-01
-4.246135428547859192e-02
-3.811241313815116882e-02
4.413287639617919922e-01
1.372345685958862305e-01
3.558208644390106201e-01
1.865984648466110229e-01
4.094527661800384521e-01
1.498666107654571533e-01
4.083857238292694092e-01
1.060338970273733139e-02
9.132838994264602661e-02
-2.815174497663974762e-02
1.192196905612945557e-01
1.919457167387008667e-01
3.628620803356170654e-01
3.097728826105594635e-02
1.931831985712051392e-01
3.858785610646009445e-03
4.678509831428527832e-01
-2.210302650928497314e-02
2.506228387355804443e-01
1.970333456993103027e-01
-1.894125016406178474e-03
1.682780683040618896e-01
6.701922416687011719e-02
3.287996649742126465e-01
5.659806728363037109e-02
8.557592332363128662e-02
8.976680785417556763e-02
3.302595317363739014e-01
-1.666740514338016510e-02
1.896950006484985352e-01
3.720071017742156982e-01
1.642983108758926392e-01
2.750581502914428711e-01
3.325243890285491943e-01
1.529919356107711792e-01
3.391289710998535156e-01
-1.476761791855096817e-02
1.169210746884346008e-01
2.321643233299255371e-01
1.002623513340950012e-01
1.092448309063911438e-01
-1.250613946467638016e-02
1.622590720653533936e-01
1.876800507307052612e-01
4.352615680545568466e-03
1.534475237131118774e-01
1.063751876354217529e-01
3.242021203041076660e-01
1.080245748162269592e-01
1.241171583533287048e-01
1.992119103670120239e-01
2.076042741537094116e-01
-7.525587081909179688e-02
1.242398936301469803e-02
9.733021259307861328e-02
2.667244374752044678e-01
1.273092627525329590e-01
2.399396747350692749e-01
1.171304732561111450e-01
2.758565843105316162e-01
-6.565751135349273682e-02
6.818576902151107788e-02
4.206934869289398193e-01
2.461051642894744873e-01
1.074784174561500549e-01
2.783850729465484619e-01
1.023219674825668335e-01
2.003598064184188843e-01
2.656943164765834808e-02
3.980522453784942627e-01
2.836114168167114258e-01
1.831575334072113037e-01
3.050304949283599854e-01
3.121280372142791748e-01
2.893352508544921875e-01
2.643390297889709473e-01
1.764169521629810333e-02
3.083810210227966309e-01
3.206583261489868164e-01
4.160735756158828735e-02
2.430005371570587158e-01
1.627067327499389648e-01
1.440450847148895264e-01
-2.713623642921447754e-02
2.047822922468185425e-01
-1.346353068947792053e-02
2.184367179870605469e-01
6.778033077716827393e-02
2.402783930301666260e-01
-2.889383584260940552e-03
1.640829294919967651e-01
1.506414031609892845e-03
2.451534569263458252e-01
1.147037297487258911e-01
1.586340181529521942e-02
9.888838976621627808e-02
2.736518383026123047e-01
-1.528633832931518555e-01
6.540495902299880981e-02
2.714987099170684814e-01
2.085366100072860718e-01
2.987559139728546143e-01
8.739764988422393799e-02
6.048573181033134460e-02
2.497268170118331909e-01
1.721577942371368408e-01
1.037091836333274841e-01
4.206720367074012756e-02
1.940727233886718750e-01
1.664460003376007080e-01
3.198542892932891846e-01
2.269723415374755859e-01
1.547746658325195312e-01
1.627922505140304565e-01
1.499667167663574219e-01
-3.528942167758941650e-02
2.177430838346481323e-01
-4.634317010641098022e-02
1.009994670748710632e-01
1.553988605737686157e-01
8.092217892408370972e-02
-6.947731226682662964e-02
7.618021219968795776e-02
-2.007657848298549652e-02
-1.197613477706909180e-01
3.185222744941711426e-01
2.058673091232776642e-02
2.814656496047973633e-01
6.148190423846244812e-02
-5.710847303271293640e-02
3.293775916099548340e-01
2.184561192989349365e-01
7.286243885755538940e-02
6.784768402576446533e-02
1.594141870737075806e-01
3.973115086555480957e-01
2.864970862865447998e-01
3.523869216442108154e-01
3.230230212211608887e-01
8.870151638984680176e-02
1.379624456167221069e-01
1.956811100244522095e-01
1.589592993259429932e-01
5.654595792293548584e-02
5.105312541127204895e-02
2.884221374988555908e-01
2.233080416917800903e-01
1.449707150459289551e-01
3.435666859149932861e-01
1.865538805723190308e-01
-5.098961666226387024e-02
2.418605089187622070e-01
6.791182607412338257e-02
3.605078756809234619e-01
3.050263822078704834e-01
3.628916144371032715e-01
2.572793066501617432e-01
6.639080494642257690e-02
1.974464803934097290e-01
1.873661950230598450e-02
1.999003887176513672e-01
1.021771505475044250e-01
3.890002891421318054e-02
1.226088926196098328e-01
3.261998295783996582e-02
1.453021615743637085e-01
2.043855339288711548e-01
2.796029150485992432e-01
9.930869191884994507e-02
-1.722100377082824707e-01
2.435987740755081177e-01
9.359227865934371948e-02
-9.237909317016601562e-02
2.732497155666351318e-01
1.588854752480983734e-02
1.127021685242652893e-01
-1.018944382667541504e-02
6.575646251440048218e-02
2.685876190662384033e-01
-1.451149815693497658e-03
1.420008242130279541e-01
1.963413357734680176e-01
2.480021417140960693e-01
1.506896018981933594e-01
3.198813796043395996e-01
1.407440602779388428e-01
3.845007717609405518e-01
-1.280011534690856934e-01
1.432053446769714355e-01
1.206167936325073242e-01
1.577576994895935059e-01
1.319147199392318726e-01
5.717152357101440430e-02
1.503965109586715698e-01
1.829519569873809814e-01
7.538983970880508423e-02
-8.558791130781173706e-02
1.865629702806472778e-01
1.414820700883865356e-01
2.080771923065185547e-01
-1.750412136316299438e-01
1.497624665498733521e-01
3.632656037807464600e-01
8.794897049665451050e-02
2.714552581310272217e-01
1.267398148775100708e-01
3.642981052398681641e-01
2.587552666664123535e-01
1.733668446540832520e-01
-1.078573167324066162e-01
1.698174625635147095e-01
1.274510622024536133e-01
1.378689408302307129e-01
1.542475670576095581e-01
-1.580285094678401947e-02
4.164740815758705139e-02
1.902382522821426392e-01
2.536688148975372314e-01
2.857149541378021240e-01
-5.555879697203636169e-02
3.932612389326095581e-02
4.337546229362487793e-02
-4.075071588158607483e-02
2.041794359683990479e-01
-5.439350381493568420e-03
1.274381279945373535e-01
2.255971580743789673e-01
2.885552309453487396e-02
1.746568381786346436e-01
2.118278145790100098e-01
-1.649973243474960327e-01
6.113756075501441956e-02
7.780361175537109375e-02
6.109704822301864624e-02
4.125143587589263916e-02
7.238007150590419769e-03
1.372132301330566406e-01
7.614948600530624390e-02
2.284938395023345947e-01
2.099218070507049561e-01
1.584040187299251556e-02
2.182099223136901855e-01
3.258657753467559814e-01
8.660641312599182129e-02
3.486615717411041260e-01
3.946677446365356445e-01
3.274169936776161194e-02
8.325048536062240601e-02
2.251954674720764160e-01
8.408275246620178223e-02
2.539233863353729248e-01
6.893011182546615601e-02
5.120971426367759705e-02
6.977997720241546631e-03
9.099174290895462036e-02
1.198824048042297363e-01
3.020692169666290283e-01
1.788615733385086060e-01
1.018567234277725220e-01
-5.614519864320755005e-02
2.460703104734420776e-01
7.783298939466476440e-02
4.048752486705780029e-01
9.946610033512115479e-02
-1.355688646435737610e-02
5.601983070373535156e-01
6.118522956967353821e-02
1.791288405656814575e-01
5.358957499265670776e-02
2.000857293605804443e-01
2.715814113616943359e-01
1.285130530595779419e-01
5.222708359360694885e-02
2.586429119110107422e-01
2.712821364402770996e-01
5.596242100000381470e-02
9.174482524394989014e-02
2.110314220190048218e-01
2.831771373748779297e-01
-5.883126519620418549e-03
4.782156944274902344e-01
3.630385398864746094e-01
4.195269942283630371e-01
1.297394186258316040e-01
1.776964366436004639e-01
1.385283172130584717e-01
1.459694653749465942e-01
1.754400283098220825e-01
1.910957247018814087e-01
1.249116063117980957e-01
-8.415795862674713135e-02
2.119309753179550171e-01
6.192979589104652405e-02
-4.222759604454040527e-02
3.052930533885955811e-01
1.960710585117340088e-01
1.358527541160583496e-01
2.748283743858337402e-01
6.447479128837585449e-02
1.026476323604583740e-01
2.457321286201477051e-01
2.738828659057617188e-01
1.116321794688701630e-02
3.702575266361236572e-01
1.659507900476455688e-01
3.695110380649566650e-01
-9.709233418107032776e-03
7.274527847766876221e-02
1.119462102651596069e-01
1.686154049821197987e-03
2.768781483173370361e-01
1.027583554387092590e-01
3.623158484697341919e-02
1.453986316919326782e-01
2.504488267004489899e-02
-4.773635417222976685e-02
3.620631247758865356e-02
1.825007423758506775e-02
2.975458204746246338e-01
2.908994853496551514e-01
3.841326534748077393e-01
2.323826849460601807e-01
2.268700897693634033e-01
2.426433116197586060e-01
-1.320222765207290649e-02
2.143742889165878296e-01
2.094465643167495728e-01
4.206840395927429199e-01
-7.432138174772262573e-02
1.564828306436538696e-01
4.142162203788757324e-01
-1.753087490797042847e-01
9.360230527818202972e-03
4.796212166547775269e-02
2.956924587488174438e-02
1.916931718587875366e-01
-3.005547448992729187e-02
2.676391042768955231e-03
-2.287038229405879974e-02
-3.522312641143798828e-02
5.697627067565917969e-01
3.782451450824737549e-01
2.032555639743804932e-01
2.930531501770019531e-01
3.986242786049842834e-02
1.864576935768127441e-01
6.770163029432296753e-02
-1.992117427289485931e-02
1.159228608012199402e-01
1.841619461774826050e-01
1.906551420688629150e-01
-4.741152375936508179e-02
3.757815957069396973e-01
2.235307097434997559e-01
2.179460832849144936e-03
2.887423932552337646e-01
1.479247119277715683e-02
-9.403223171830177307e-03
2.581573426723480225e-01
1.090606823563575745e-01
2.952877990901470184e-02
2.528261244297027588e-01
-4.454396665096282959e-02
2.094201147556304932e-01
2.509245276451110840e-01
6.426022201776504517e-02
4.986226558685302734e-03
2.993060275912284851e-02
-4.016550630331039429e-02
9.589169919490814209e-02
1.744639128446578979e-01
-1.050436124205589294e-01
1.392603367567062378e-01
2.375717461109161377e-01
2.415300458669662476e-01
4.172920584678649902e-01
6.064195930957794189e-02
5.139053463935852051e-01
2.669853856787085533e-03
1.475432962179183960e-01
-1.649376749992370605e-01
3.173312544822692871e-01
3.115381300449371338e-01
1.637166291475296021e-01
2.220094799995422363e-01
1.603247374296188354e-01
1.758098453283309937e-01
2.646119892597198486e-01
2.355961054563522339e-01
3.246301114559173584e-01
-1.402477324008941650e-01
2.807115614414215088e-01
2.304269820451736450e-01
-8.367273956537246704e-02
4.134002625942230225e-01
4.854284599423408508e-02
5.745663866400718689e-02
2.490662187337875366e-01
3.972313702106475830e-01
3.378956913948059082e-01
2.053530663251876831e-01
1.606769673526287079e-02
1.157371923327445984e-01
2.897844910621643066e-01
3.337206244468688965e-01
1.462218761444091797e-01
-1.205327659845352173e-01
5.840634554624557495e-02
8.364822715520858765e-02
3.792510628700256348e-01
5.653472617268562317e-03
2.164007127285003662e-01
3.496327102184295654e-01
5.607867240905761719e-02
3.741315603256225586e-01
1.300978064537048340e-01
2.635266445577144623e-02
1.896188855171203613e-01
6.074801459908485413e-02
2.475002408027648926e-01
2.103148251771926880e-01
-8.870370686054229736e-02
2.302339226007461548e-01
9.238450229167938232e-02
1.257437914609909058e-01
7.098289579153060913e-02
2.176880836486816406e-01
1.201570853590965271e-01
1.454503387212753296e-01
-2.005150765180587769e-01
5.235324054956436157e-02
-2.164114117622375488e-01
3.777565434575080872e-02
1.113027185201644897e-01
2.255187630653381348e-01
-4.323728382587432861e-02
-1.327330525964498520e-02
1.430051922798156738e-01
1.554758250713348389e-01
4.120656251907348633e-01
-1.439076662063598633e-02
5.866978690028190613e-02
4.964587688446044922e-01
1.847590208053588867e-01
-1.058145537972450256e-01
-4.035750171169638634e-04
2.767340242862701416e-01
1.508803516626358032e-01
3.243032991886138916e-01
4.239632487297058105e-01
-4.472702369093894958e-02
1.892911642789840698e-01
2.420229315757751465e-01
-4.859118536114692688e-02
4.186992645263671875e-01
4.120599627494812012e-01
-2.796569094061851501e-02
2.091005742549896240e-01
-3.257498443126678467e-01
1.146285682916641235e-01
1.567684113979339600e-01
2.382996827363967896e-01
1.739481836557388306e-01
2.961517274379730225e-01
3.876793682575225830e-01
-4.525069147348403931e-02
3.771390616893768311e-01
8.570138365030288696e-02
1.433009654283523560e-01
1.115266680717468262e-01
4.578291252255439758e-02
1.023958325386047363e-01
1.708047389984130859e-01
9.375263005495071411e-02
1.255764961242675781e-01
4.248361587524414062e-01
1.895544379949569702e-01
1.551643759012222290e-01
1.754058301448822021e-01
-4.083627089858055115e-02
-2.072933167219161987e-01
3.605481982231140137e-01
3.681429475545883179e-02
-6.814940273761749268e-02
3.911955058574676514e-01
2.301304638385772705e-01
1.221553236246109009e-01
1.910798251628875732e-01
-9.655430912971496582e-02
1.812615096569061279e-01
2.993424981832504272e-02
-4.153410345315933228e-02
6.114532053470611572e-02
2.296765707433223724e-02
1.861610859632492065e-01
2.631716988980770111e-02
3.746433928608894348e-02
2.033700793981552124e-01
1.629000902175903320e-01
5.336447060108184814e-02
1.675369292497634888e-01
3.319101035594940186e-02
4.217140674591064453e-01
2.928144931793212891e-01
1.829083263874053955e-01
2.182369083166122437e-01
2.847796380519866943e-01
2.082946896553039551e-01
2.453607767820358276e-01
-3.729196498170495033e-03
2.873246371746063232e-01
-8.360119163990020752e-02
4.176050424575805664e-01
6.902317702770233154e-02
1.293419450521469116e-01
1.354599893093109131e-01
3.048473894596099854e-01
2.605602443218231201e-01
2.815446853637695312e-01
1.403668820858001709e-01
4.736388325691223145e-01
2.203513979911804199e-01
3.831168636679649353e-02
1.240108832716941833e-01
2.690419852733612061e-01
5.291994288563728333e-02
4.752859845757484436e-02
3.687672615051269531e-01
5.327228456735610962e-02
1.779861934483051300e-02
3.266950249671936035e-01
1.812096685171127319e-01
2.646244168281555176e-01
2.537714242935180664e-01
1.073075011372566223e-01
2.486688345670700073e-01
1.987380832433700562e-01
1.613686382770538330e-01
3.577727824449539185e-02
1.875937283039093018e-01
5.267559736967086792e-02
1.011519804596900940e-01
1.450884789228439331e-01
-3.042015945538878441e-03
2.634753286838531494e-02
2.166433334350585938e-01
8.924264460802078247e-02
1.112923324108123779e-01
3.379344344139099121e-01
-6.604922935366630554e-03
2.678586542606353760e-01
5.266018211841583252e-02
3.974145948886871338e-01
1.567955762147903442e-01
3.781004548072814941e-01
1.058416441082954407e-01
3.315754532814025879e-01
1.631686836481094360e-01
8.839660882949829102e-02
8.978305757045745850e-02
8.142757415771484375e-02
3.114119172096252441e-01
3.247044980525970459e-01
1.028885617852210999e-01
1.727533787488937378e-01
-1.631572395563125610e-01
7.710538804531097412e-02
5.993198975920677185e-02
1.276289224624633789e-01
2.754768729209899902e-01
2.866873741149902344e-01
3.320111334323883057e-01
2.632173001766204834e-01
2.443069666624069214e-01
1.822178661823272705e-01
5.743355676531791687e-02
3.047429323196411133e-01
3.376641571521759033e-01
1.363123357295989990e-01
4.141832590103149414e-01
3.344838619232177734e-01
1.424207985401153564e-01
6.893802434206008911e-02
-4.373154416680335999e-02
5.510655790567398071e-02
1.059142500162124634e-01
-2.288652770221233368e-02
6.252689659595489502e-02
5.031739547848701477e-02
2.035325467586517334e-01
8.819499611854553223e-02
4.800476133823394775e-02
1.505045592784881592e-01
2.121258340775966644e-02
1.461195647716522217e-01
2.815761864185333252e-01
-2.546700648963451385e-02
4.915252029895782471e-01
3.136959671974182129e-01
-5.648981034755706787e-02
1.499852538108825684e-01
3.001285791397094727e-01
2.180633395910263062e-01
7.112061977386474609e-02
-1.481579989194869995e-01
-1.777047067880630493e-01
1.462741941213607788e-01
1.174422726035118103e-01
1.946006417274475098e-01
3.420418500900268555e-01
3.701963722705841064e-01
8.323065191507339478e-02
3.232915401458740234e-01
1.259551793336868286e-01
2.175837010145187378e-01
-3.694436047226190567e-03
9.660544246435165405e-02
1.385501921176910400e-01
2.430155277252197266e-01
1.952651143074035645e-01
9.220080077648162842e-02
9.665250033140182495e-02
1.814068704843521118e-01
2.180632054805755615e-01
1.137891784310340881e-01
-1.454194635152816772e-01
-1.246807817369699478e-02
1.186426877975463867e-01
2.430001646280288696e-01
4.930656552314758301e-01
8.147758990526199341e-02
2.620624378323554993e-02
2.937785983085632324e-01
3.717238903045654297e-01
1.647316962480545044e-01
2.696586847305297852e-01
5.204282701015472412e-02
2.315859496593475342e-01
-1.343850344419479370e-01
2.103710323572158813e-01
-2.192731201648712158e-02
2.075307369232177734e-01
2.961176931858062744e-01
2.648493349552154541e-01
1.059291586279869080e-01
-3.855722397565841675e-02
2.657028436660766602e-01
1.102817580103874207e-01
1.442199200391769409e-01
-4.133749008178710938e-02
9.819208830595016479e-02
3.562034964561462402e-01
2.732547931373119354e-02
1.300154924392700195e-01
2.590838074684143066e-01
9.010362625122070312e-02
1.732949018478393555e-01
1.052511706948280334e-01
2.978836894035339355e-01
2.636673152446746826e-01
3.388943076133728027e-01
-8.132074773311614990e-02
1.274436563253402710e-01
1.135174408555030823e-01
1.966834366321563721e-01
3.678371384739875793e-02
6.533068371936678886e-04
1.184464395046234131e-01
9.424462914466857910e-02
1.103193685412406921e-02
3.267926275730133057e-01
2.674532532691955566e-01
3.509165942668914795e-01
1.888799965381622314e-01
1.564872860908508301e-01
6.774982810020446777e-02
1.923950761556625366e-01
5.334884673357009888e-02
3.512364998459815979e-02
3.173955082893371582e-01
3.115066885948181152e-01
2.119144797325134277e-01
6.622486561536788940e-02
3.728914260864257812e-01
1.376157999038696289e-01
