1.455275341868400574e-02
4.174129292368888855e-02
7.447905838489532471e-02
-2.153836786746978760e-01
3.313666209578514099e-02
-1.012429967522621155e-01
7.451731711626052856e-02
-1.332016140222549438e-01
8.012116700410842896e-02
-4.361959919333457947e-02
-2.373018115758895874e-02
5.468847975134849548e-02
-1.258832514286041260e-01
-6.142234429717063904e-02
7.065177708864212036e-02
-7.158084213733673096e-02
3.810055553913116455e-01
-1.722802221775054932e-01
1.752667427062988281e-01
2.325022220611572266e-01
8.061029948294162750e-03
-1.019154936075210571e-01
3.801528513431549072e-01
1.890674233436584473e-01
1.058989204466342926e-02
-2.140798568725585938e-01
-7.829416543245315552e-02
-1.215803772211074829e-01
1.851287484169006348e-01
-3.136632964015007019e-02
2.280251532793045044e-01
6.672308593988418579e-02
-1.702487170696258545e-01
-8.175815641880035400e-02
-6.063608452677726746e-02
-9.676567465066909790e-02
-1.694180369377136230e-01
4.682185128331184387e-02
-1.216017380356788635e-01
4.984782263636589050e-02
2.997480928897857666e-01
-5.188981816172599792e-02
2.967477217316627502e-02
1.647379845380783081e-01
4.463827982544898987e-02
-1.356246694922447205e-02
-1.398942898958921432e-02
-1.681790798902511597e-01
1.385159343481063843e-01
-4.521063342690467834e-02
2.174942791461944580e-01
-1.303644105792045593e-02
4.953308030962944031e-02
1.353091001510620117e-01
2.069402188062667847e-01
-9.986541420221328735e-02
7.455074042081832886e-02
4.076749682426452637e-01
-2.303996495902538300e-02
-5.234595760703086853e-02
-2.518608234822750092e-03
1.220018938183784485e-01
2.244364768266677856e-01
-1.495539094321429729e-03
1.293707489967346191e-01
1.099990233778953552e-01
6.098986789584159851e-02
1.331247575581073761e-02
-4.916238412261009216e-02
7.618554681539535522e-02
2.004573941230773926e-01
2.149483263492584229e-01
9.704288095235824585e-02
1.489977240562438965e-01
3.432503342628479004e-02
-2.571293711662292480e-02
3.632216751575469971e-01
8.900287002325057983e-02
2.928418852388858795e-02
1.477621197700500488e-01
1.835756897926330566e-01
1.211494579911231995e-01
7.273180037736892700e-02
2.956773936748504639e-01
2.240812927484512329e-01
1.074036955833435059e-01
2.142865061759948730e-01
2.409008443355560303e-01
1.811832562088966370e-02
1.316816806793212891e-01
1.962160319089889526e-01
-1.930081546306610107e-01
8.751326799392700195e-02
2.756987512111663818e-02
8.773534744977951050e-02
-1.197548583149909973e-01
-5.352889746427536011e-02
-1.013623625040054321e-01
-2.054846435785293579e-01
2.903075814247131348e-01
1.944338977336883545e-01
1.662807464599609375e-01
4.189924523234367371e-02
8.492325246334075928e-02
2.326816916465759277e-01
-2.372924238443374634e-01
-2.221148908138275146e-01
2.911347150802612305e-02
-1.509551405906677246e-01
4.212448373436927795e-02
1.793070435523986816e-01
-5.852888152003288269e-02
-6.481344252824783325e-02
1.737515181303024292e-01
2.420917153358459473e-01
2.144806385040283203e-01
-1.535259187221527100e-01
1.673072576522827148e-02
-9.295673668384552002e-02
-5.351143702864646912e-02
1.219420060515403748e-01
4.197919964790344238e-01
2.002813518047332764e-01
1.784276664257049561e-01
-1.352662593126296997e-02
1.169081032276153564e-01
1.938993036746978760e-01
1.554118692874908447e-01
