-1.883486518636345863e-03
-1.253769441973417997e-04
-1.654673600569367409e-03
-1.769134658388793468e-03
-6.663231761194765568e-05
-1.819987315684556961e-03
-1.466672983951866627e-03
-1.757809077389538288e-03
-1.774385338649153709e-03
-1.426070812158286572e-03
-1.750393072143197060e-03
-1.004862599074840546e-03
-1.662074704654514790e-03
-1.714509562589228153e-03
-1.039146562106907368e-03
-1.906373188830912113e-03
-1.753919641487300396e-03
-1.755785895511507988e-03
-8.554045780329033732e-05
-1.444941037334501743e-03
-1.758750178851187229e-03
-1.760732731781899929e-03
-1.782512059435248375e-03
-1.773886266164481640e-03
-1.610288745723664761e-03
-1.679650740697979927e-03
-6.140330224297940731e-04
-3.390328174646128900e-06
-1.734648831188678741e-03
-1.651245169341564178e-03
-1.643934403546154499e-03
-1.773540629073977470e-03
-1.353628002107143402e-03
-1.731089199893176556e-03
-1.715820282697677612e-03
-1.458422280848026276e-03
-1.746594905853271484e-03
-1.672355341725051403e-03
-1.765013555996119976e-03
-1.795463613234460354e-03
-1.782776671461760998e-03
-1.498329336754977703e-03
-7.744447066215798259e-05
-1.781899249181151390e-03
-1.516230055131018162e-03
-1.748358132317662239e-03
-1.748624257743358612e-03
-1.707902993075549603e-03
-1.746387802995741367e-03
-1.677072723396122456e-03
-1.789504080079495907e-03
-1.726989517919719219e-03
-1.765732769854366779e-03
-1.556642586365342140e-03
-1.736223581247031689e-03
-1.778571866452693939e-03
-1.533769769594073296e-03
-1.479994622059166431e-03
-1.812350004911422729e-03
-1.612256863154470921e-03
-1.721854321658611298e-03
-1.805594074539840221e-03
-1.758895232342183590e-03
-1.770151080563664436e-03
-2.475255634635686874e-03
-1.214581774547696114e-03
-1.587849808856844902e-03
-1.675880048424005508e-03
-9.248431306332349777e-04
-1.205783337354660034e-03
-9.380992269143462181e-04
-1.315053552389144897e-03
-1.558273215778172016e-03
-1.012215972878038883e-03
-1.295241760089993477e-03
-1.528319669887423515e-03
-1.266773790121078491e-03
-1.483979634940624237e-03
-1.781760132871568203e-03
-1.583282719366252422e-03
-1.220423262566328049e-03
-1.372765749692916870e-03
-1.340362941846251488e-03
-2.827858261298388243e-04
-8.663321495987474918e-04
-1.628339756280183792e-03
-1.040878356434404850e-03
-6.487148348242044449e-04
-1.203471329063177109e-03
-1.847719540819525719e-03
-1.127489260397851467e-03
-1.530952984467148781e-03
-1.324619282968342304e-03
-1.855957554653286934e-03
-1.782751758582890034e-03
-1.209646114148199558e-03
-1.766194007359445095e-03
-1.652107108384370804e-03
-1.077231951057910919e-03
-1.345466938801109791e-03
-1.187013578601181507e-03
-1.530435401946306229e-03
-1.515894196927547455e-03
-1.061407150700688362e-03
-1.447517308406531811e-03
-1.662651076912879944e-03
-1.104474533349275589e-03
-1.427219249308109283e-03
-1.001916476525366306e-03
-1.247263862751424313e-03
-1.577376038767397404e-03
-1.360085443593561649e-03
-1.279190066270530224e-03
-1.419058302417397499e-03
-4.964808467775583267e-04
-8.852690225467085838e-04
-1.318300142884254456e-03
-1.735406811349093914e-03
-1.447197981178760529e-03
-1.018448849208652973e-03
-1.985912444069981575e-03
-1.045484212227165699e-03
-8.818070054985582829e-04
-1.749866409227252007e-03
-1.498464727774262428e-03
-1.007553306408226490e-03
-1.886675367131829262e-03
-1.608832622878253460e-03
